0.000000000000000000e+00 0.000000000000000000e+00 0.000000000000000000e+00 0.000000000000000000e+00 0.000000000000000000e+00 0.000000000000000000e+00 0.000000000000000000e+00 0.000000000000000000e+00 -0.000000000000000000e+00 0.000000000000000000e+00
0.000000000000000000e+00 0.000000000000000000e+00 0.000000000000000000e+00 0.000000000000000000e+00 0.000000000000000000e+00 0.000000000000000000e+00 0.000000000000000000e+00 0.000000000000000000e+00 -0.000000000000000000e+00 0.000000000000000000e+00
0.000000000000000000e+00 0.000000000000000000e+00 0.000000000000000000e+00 0.000000000000000000e+00 0.000000000000000000e+00 0.000000000000000000e+00 0.000000000000000000e+00 0.000000000000000000e+00 -0.000000000000000000e+00 0.000000000000000000e+00
0.000000000000000000e+00 0.000000000000000000e+00 0.000000000000000000e+00 0.000000000000000000e+00 0.000000000000000000e+00 0.000000000000000000e+00 0.000000000000000000e+00 0.000000000000000000e+00 -0.000000000000000000e+00 0.000000000000000000e+00
0.000000000000000000e+00 0.000000000000000000e+00 0.000000000000000000e+00 0.000000000000000000e+00 0.000000000000000000e+00 0.000000000000000000e+00 0.000000000000000000e+00 0.000000000000000000e+00 -0.000000000000000000e+00 0.000000000000000000e+00
0.000000000000000000e+00 0.000000000000000000e+00 0.000000000000000000e+00 0.000000000000000000e+00 0.000000000000000000e+00 0.000000000000000000e+00 0.000000000000000000e+00 0.000000000000000000e+00 -0.000000000000000000e+00 0.000000000000000000e+00
0.000000000000000000e+00 0.000000000000000000e+00 0.000000000000000000e+00 0.000000000000000000e+00 0.000000000000000000e+00 0.000000000000000000e+00 0.000000000000000000e+00 0.000000000000000000e+00 -0.000000000000000000e+00 0.000000000000000000e+00
0.000000000000000000e+00 0.000000000000000000e+00 0.000000000000000000e+00 0.000000000000000000e+00 0.000000000000000000e+00 0.000000000000000000e+00 0.000000000000000000e+00 0.000000000000000000e+00 -0.000000000000000000e+00 0.000000000000000000e+00
0.000000000000000000e+00 0.000000000000000000e+00 0.000000000000000000e+00 0.000000000000000000e+00 0.000000000000000000e+00 0.000000000000000000e+00 0.000000000000000000e+00 0.000000000000000000e+00 -0.000000000000000000e+00 0.000000000000000000e+00
0.000000000000000000e+00 0.000000000000000000e+00 0.000000000000000000e+00 0.000000000000000000e+00 0.000000000000000000e+00 0.000000000000000000e+00 0.000000000000000000e+00 0.000000000000000000e+00 -0.000000000000000000e+00 0.000000000000000000e+00
0.000000000000000000e+00 0.000000000000000000e+00 0.000000000000000000e+00 0.000000000000000000e+00 0.000000000000000000e+00 0.000000000000000000e+00 0.000000000000000000e+00 0.000000000000000000e+00 -0.000000000000000000e+00 0.000000000000000000e+00
0.000000000000000000e+00 0.000000000000000000e+00 0.000000000000000000e+00 0.000000000000000000e+00 0.000000000000000000e+00 0.000000000000000000e+00 0.000000000000000000e+00 0.000000000000000000e+00 -0.000000000000000000e+00 0.000000000000000000e+00
-0.000000000000000000e+00 -0.000000000000000000e+00 -0.000000000000000000e+00 -0.000000000000000000e+00 -0.000000000000000000e+00 -0.000000000000000000e+00 -0.000000000000000000e+00 -0.000000000000000000e+00 0.000000000000000000e+00 -0.000000000000000000e+00
0.000000000000000000e+00 0.000000000000000000e+00 0.000000000000000000e+00 0.000000000000000000e+00 0.000000000000000000e+00 0.000000000000000000e+00 0.000000000000000000e+00 0.000000000000000000e+00 0.000000000000000000e+00 0.000000000000000000e+00
0.000000000000000000e+00 0.000000000000000000e+00 0.000000000000000000e+00 0.000000000000000000e+00 0.000000000000000000e+00 0.000000000000000000e+00 0.000000000000000000e+00 0.000000000000000000e+00 -0.000000000000000000e+00 0.000000000000000000e+00
-0.000000000000000000e+00 -0.000000000000000000e+00 -0.000000000000000000e+00 -0.000000000000000000e+00 -0.000000000000000000e+00 -0.000000000000000000e+00 -0.000000000000000000e+00 -0.000000000000000000e+00 -0.000000000000000000e+00 -0.000000000000000000e+00
0.000000000000000000e+00 0.000000000000000000e+00 0.000000000000000000e+00 0.000000000000000000e+00 0.000000000000000000e+00 0.000000000000000000e+00 0.000000000000000000e+00 -0.000000000000000000e+00 0.000000000000000000e+00 -0.000000000000000000e+00
0.000000000000000000e+00 0.000000000000000000e+00 0.000000000000000000e+00 0.000000000000000000e+00 0.000000000000000000e+00 0.000000000000000000e+00 0.000000000000000000e+00 0.000000000000000000e+00 -0.000000000000000000e+00 0.000000000000000000e+00
-0.000000000000000000e+00 -0.000000000000000000e+00 -0.000000000000000000e+00 -0.000000000000000000e+00 -0.000000000000000000e+00 -0.000000000000000000e+00 -0.000000000000000000e+00 -0.000000000000000000e+00 -0.000000000000000000e+00 -0.000000000000000000e+00
0.000000000000000000e+00 0.000000000000000000e+00 0.000000000000000000e+00 0.000000000000000000e+00 0.000000000000000000e+00 0.000000000000000000e+00 0.000000000000000000e+00 0.000000000000000000e+00 -0.000000000000000000e+00 0.000000000000000000e+00
-0.000000000000000000e+00 -0.000000000000000000e+00 -0.000000000000000000e+00 -0.000000000000000000e+00 -0.000000000000000000e+00 -0.000000000000000000e+00 -0.000000000000000000e+00 -0.000000000000000000e+00 0.000000000000000000e+00 -0.000000000000000000e+00
-0.000000000000000000e+00 -0.000000000000000000e+00 -0.000000000000000000e+00 -0.000000000000000000e+00 -0.000000000000000000e+00 -0.000000000000000000e+00 -0.000000000000000000e+00 -0.000000000000000000e+00 0.000000000000000000e+00 -0.000000000000000000e+00
-0.000000000000000000e+00 -0.000000000000000000e+00 -0.000000000000000000e+00 -0.000000000000000000e+00 -0.000000000000000000e+00 -0.000000000000000000e+00 -0.000000000000000000e+00 -0.000000000000000000e+00 0.000000000000000000e+00 -0.000000000000000000e+00
-0.000000000000000000e+00 -0.000000000000000000e+00 -0.000000000000000000e+00 -0.000000000000000000e+00 -0.000000000000000000e+00 -0.000000000000000000e+00 -0.000000000000000000e+00 -0.000000000000000000e+00 0.000000000000000000e+00 -0.000000000000000000e+00
-0.000000000000000000e+00 -0.000000000000000000e+00 -0.000000000000000000e+00 -0.000000000000000000e+00 -0.000000000000000000e+00 -0.000000000000000000e+00 -0.000000000000000000e+00 -0.000000000000000000e+00 0.000000000000000000e+00 -0.000000000000000000e+00
-0.000000000000000000e+00 -0.000000000000000000e+00 -0.000000000000000000e+00 -0.000000000000000000e+00 -0.000000000000000000e+00 -0.000000000000000000e+00 -0.000000000000000000e+00 -0.000000000000000000e+00 0.000000000000000000e+00 -0.000000000000000000e+00
-0.000000000000000000e+00 -0.000000000000000000e+00 -0.000000000000000000e+00 -0.000000000000000000e+00 -0.000000000000000000e+00 -0.000000000000000000e+00 -0.000000000000000000e+00 -0.000000000000000000e+00 0.000000000000000000e+00 -0.000000000000000000e+00
-0.000000000000000000e+00 -0.000000000000000000e+00 -0.000000000000000000e+00 -0.000000000000000000e+00 -0.000000000000000000e+00 -0.000000000000000000e+00 -0.000000000000000000e+00 -0.000000000000000000e+00 0.000000000000000000e+00 -0.000000000000000000e+00
-0.000000000000000000e+00 -0.000000000000000000e+00 -0.000000000000000000e+00 -0.000000000000000000e+00 -0.000000000000000000e+00 -0.000000000000000000e+00 -0.000000000000000000e+00 -0.000000000000000000e+00 0.000000000000000000e+00 -0.000000000000000000e+00
-0.000000000000000000e+00 -0.000000000000000000e+00 -0.000000000000000000e+00 -0.000000000000000000e+00 -0.000000000000000000e+00 -0.000000000000000000e+00 -0.000000000000000000e+00 -0.000000000000000000e+00 0.000000000000000000e+00 -0.000000000000000000e+00
0.000000000000000000e+00 0.000000000000000000e+00 0.000000000000000000e+00 0.000000000000000000e+00 0.000000000000000000e+00 0.000000000000000000e+00 0.000000000000000000e+00 0.000000000000000000e+00 -0.000000000000000000e+00 0.000000000000000000e+00
-0.000000000000000000e+00 -0.000000000000000000e+00 -0.000000000000000000e+00 -0.000000000000000000e+00 -0.000000000000000000e+00 -0.000000000000000000e+00 -0.000000000000000000e+00 -0.000000000000000000e+00 0.000000000000000000e+00 -0.000000000000000000e+00
-0.000000000000000000e+00 -0.000000000000000000e+00 -0.000000000000000000e+00 -0.000000000000000000e+00 -0.000000000000000000e+00 -0.000000000000000000e+00 -0.000000000000000000e+00 -0.000000000000000000e+00 0.000000000000000000e+00 -0.000000000000000000e+00
-0.000000000000000000e+00 -0.000000000000000000e+00 -0.000000000000000000e+00 -0.000000000000000000e+00 -0.000000000000000000e+00 -0.000000000000000000e+00 -0.000000000000000000e+00 -0.000000000000000000e+00 0.000000000000000000e+00 -0.000000000000000000e+00
-0.000000000000000000e+00 -0.000000000000000000e+00 -0.000000000000000000e+00 -0.000000000000000000e+00 -0.000000000000000000e+00 -0.000000000000000000e+00 -0.000000000000000000e+00 -0.000000000000000000e+00 0.000000000000000000e+00 -0.000000000000000000e+00
-0.000000000000000000e+00 -0.000000000000000000e+00 -0.000000000000000000e+00 -0.000000000000000000e+00 -0.000000000000000000e+00 -0.000000000000000000e+00 -0.000000000000000000e+00 -0.000000000000000000e+00 -0.000000000000000000e+00 -0.000000000000000000e+00
-0.000000000000000000e+00 -0.000000000000000000e+00 -0.000000000000000000e+00 -0.000000000000000000e+00 -0.000000000000000000e+00 -0.000000000000000000e+00 -0.000000000000000000e+00 -0.000000000000000000e+00 -0.000000000000000000e+00 -0.000000000000000000e+00
-0.000000000000000000e+00 -0.000000000000000000e+00 -0.000000000000000000e+00 -0.000000000000000000e+00 -0.000000000000000000e+00 -0.000000000000000000e+00 -0.000000000000000000e+00 -0.000000000000000000e+00 0.000000000000000000e+00 -0.000000000000000000e+00
-0.000000000000000000e+00 -0.000000000000000000e+00 -0.000000000000000000e+00 -0.000000000000000000e+00 -0.000000000000000000e+00 -0.000000000000000000e+00 -0.000000000000000000e+00 -0.000000000000000000e+00 0.000000000000000000e+00 -0.000000000000000000e+00
-0.000000000000000000e+00 -0.000000000000000000e+00 -0.000000000000000000e+00 -0.000000000000000000e+00 -0.000000000000000000e+00 -0.000000000000000000e+00 -0.000000000000000000e+00 -0.000000000000000000e+00 0.000000000000000000e+00 -0.000000000000000000e+00
-0.000000000000000000e+00 -0.000000000000000000e+00 -0.000000000000000000e+00 -0.000000000000000000e+00 -0.000000000000000000e+00 -0.000000000000000000e+00 -0.000000000000000000e+00 -0.000000000000000000e+00 0.000000000000000000e+00 -0.000000000000000000e+00
-0.000000000000000000e+00 -0.000000000000000000e+00 -0.000000000000000000e+00 -0.000000000000000000e+00 -0.000000000000000000e+00 -0.000000000000000000e+00 -0.000000000000000000e+00 -0.000000000000000000e+00 0.000000000000000000e+00 -0.000000000000000000e+00
-0.000000000000000000e+00 -0.000000000000000000e+00 -0.000000000000000000e+00 -0.000000000000000000e+00 -0.000000000000000000e+00 -0.000000000000000000e+00 -0.000000000000000000e+00 -0.000000000000000000e+00 0.000000000000000000e+00 -0.000000000000000000e+00
-0.000000000000000000e+00 -0.000000000000000000e+00 -0.000000000000000000e+00 -0.000000000000000000e+00 -0.000000000000000000e+00 -0.000000000000000000e+00 -0.000000000000000000e+00 -0.000000000000000000e+00 0.000000000000000000e+00 -0.000000000000000000e+00
-0.000000000000000000e+00 -0.000000000000000000e+00 -0.000000000000000000e+00 -0.000000000000000000e+00 -0.000000000000000000e+00 -0.000000000000000000e+00 -0.000000000000000000e+00 -0.000000000000000000e+00 0.000000000000000000e+00 -0.000000000000000000e+00
-0.000000000000000000e+00 -0.000000000000000000e+00 -0.000000000000000000e+00 -0.000000000000000000e+00 -0.000000000000000000e+00 -0.000000000000000000e+00 -0.000000000000000000e+00 -0.000000000000000000e+00 0.000000000000000000e+00 -0.000000000000000000e+00
-0.000000000000000000e+00 -0.000000000000000000e+00 -0.000000000000000000e+00 -0.000000000000000000e+00 -0.000000000000000000e+00 -0.000000000000000000e+00 -0.000000000000000000e+00 -0.000000000000000000e+00 0.000000000000000000e+00 -0.000000000000000000e+00
-0.000000000000000000e+00 -0.000000000000000000e+00 -0.000000000000000000e+00 -0.000000000000000000e+00 -0.000000000000000000e+00 -0.000000000000000000e+00 -0.000000000000000000e+00 -0.000000000000000000e+00 0.000000000000000000e+00 -0.000000000000000000e+00
-0.000000000000000000e+00 -0.000000000000000000e+00 -0.000000000000000000e+00 -0.000000000000000000e+00 -0.000000000000000000e+00 -0.000000000000000000e+00 -0.000000000000000000e+00 -0.000000000000000000e+00 0.000000000000000000e+00 -0.000000000000000000e+00
-0.000000000000000000e+00 -0.000000000000000000e+00 -0.000000000000000000e+00 -0.000000000000000000e+00 -0.000000000000000000e+00 -0.000000000000000000e+00 -0.000000000000000000e+00 -0.000000000000000000e+00 0.000000000000000000e+00 -0.000000000000000000e+00
-0.000000000000000000e+00 -0.000000000000000000e+00 -0.000000000000000000e+00 -0.000000000000000000e+00 -0.000000000000000000e+00 -0.000000000000000000e+00 -0.000000000000000000e+00 -0.000000000000000000e+00 0.000000000000000000e+00 -0.000000000000000000e+00
-0.000000000000000000e+00 -0.000000000000000000e+00 -0.000000000000000000e+00 -0.000000000000000000e+00 -0.000000000000000000e+00 -0.000000000000000000e+00 -0.000000000000000000e+00 -0.000000000000000000e+00 0.000000000000000000e+00 -0.000000000000000000e+00
-0.000000000000000000e+00 -0.000000000000000000e+00 -0.000000000000000000e+00 -0.000000000000000000e+00 -0.000000000000000000e+00 -0.000000000000000000e+00 -0.000000000000000000e+00 -0.000000000000000000e+00 0.000000000000000000e+00 -0.000000000000000000e+00
-0.000000000000000000e+00 -0.000000000000000000e+00 -0.000000000000000000e+00 -0.000000000000000000e+00 -0.000000000000000000e+00 -0.000000000000000000e+00 -0.000000000000000000e+00 -0.000000000000000000e+00 0.000000000000000000e+00 -0.000000000000000000e+00
-0.000000000000000000e+00 -0.000000000000000000e+00 -0.000000000000000000e+00 -0.000000000000000000e+00 -0.000000000000000000e+00 -0.000000000000000000e+00 -0.000000000000000000e+00 -0.000000000000000000e+00 0.000000000000000000e+00 -0.000000000000000000e+00
-0.000000000000000000e+00 -0.000000000000000000e+00 -0.000000000000000000e+00 -0.000000000000000000e+00 -0.000000000000000000e+00 -0.000000000000000000e+00 -0.000000000000000000e+00 -0.000000000000000000e+00 0.000000000000000000e+00 -0.000000000000000000e+00
-0.000000000000000000e+00 -0.000000000000000000e+00 -0.000000000000000000e+00 -0.000000000000000000e+00 -0.000000000000000000e+00 -0.000000000000000000e+00 -0.000000000000000000e+00 -0.000000000000000000e+00 0.000000000000000000e+00 -0.000000000000000000e+00
-0.000000000000000000e+00 -0.000000000000000000e+00 -0.000000000000000000e+00 -0.000000000000000000e+00 -0.000000000000000000e+00 -0.000000000000000000e+00 -0.000000000000000000e+00 -0.000000000000000000e+00 0.000000000000000000e+00 -0.000000000000000000e+00
-0.000000000000000000e+00 -0.000000000000000000e+00 -0.000000000000000000e+00 -0.000000000000000000e+00 -0.000000000000000000e+00 -0.000000000000000000e+00 -0.000000000000000000e+00 -0.000000000000000000e+00 0.000000000000000000e+00 -0.000000000000000000e+00
-0.000000000000000000e+00 -0.000000000000000000e+00 -0.000000000000000000e+00 -0.000000000000000000e+00 -0.000000000000000000e+00 -0.000000000000000000e+00 -0.000000000000000000e+00 -0.000000000000000000e+00 0.000000000000000000e+00 -0.000000000000000000e+00
-0.000000000000000000e+00 -0.000000000000000000e+00 -0.000000000000000000e+00 -0.000000000000000000e+00 -0.000000000000000000e+00 -0.000000000000000000e+00 -0.000000000000000000e+00 -0.000000000000000000e+00 0.000000000000000000e+00 -0.000000000000000000e+00
-0.000000000000000000e+00 -0.000000000000000000e+00 -0.000000000000000000e+00 -0.000000000000000000e+00 -0.000000000000000000e+00 -0.000000000000000000e+00 -0.000000000000000000e+00 -0.000000000000000000e+00 0.000000000000000000e+00 -0.000000000000000000e+00
-0.000000000000000000e+00 -0.000000000000000000e+00 -0.000000000000000000e+00 -0.000000000000000000e+00 -0.000000000000000000e+00 -0.000000000000000000e+00 -0.000000000000000000e+00 -0.000000000000000000e+00 0.000000000000000000e+00 -0.000000000000000000e+00
-0.000000000000000000e+00 -0.000000000000000000e+00 -0.000000000000000000e+00 -0.000000000000000000e+00 -0.000000000000000000e+00 -0.000000000000000000e+00 -0.000000000000000000e+00 -0.000000000000000000e+00 0.000000000000000000e+00 -0.000000000000000000e+00
-0.000000000000000000e+00 -0.000000000000000000e+00 -0.000000000000000000e+00 -0.000000000000000000e+00 -0.000000000000000000e+00 -0.000000000000000000e+00 -0.000000000000000000e+00 -0.000000000000000000e+00 0.000000000000000000e+00 -0.000000000000000000e+00
-0.000000000000000000e+00 -0.000000000000000000e+00 -0.000000000000000000e+00 -0.000000000000000000e+00 -0.000000000000000000e+00 -0.000000000000000000e+00 -0.000000000000000000e+00 -0.000000000000000000e+00 0.000000000000000000e+00 -0.000000000000000000e+00
-0.000000000000000000e+00 -0.000000000000000000e+00 -0.000000000000000000e+00 -0.000000000000000000e+00 -0.000000000000000000e+00 -0.000000000000000000e+00 -0.000000000000000000e+00 -0.000000000000000000e+00 0.000000000000000000e+00 -0.000000000000000000e+00
-0.000000000000000000e+00 -0.000000000000000000e+00 -0.000000000000000000e+00 -0.000000000000000000e+00 -0.000000000000000000e+00 -0.000000000000000000e+00 -0.000000000000000000e+00 -0.000000000000000000e+00 0.000000000000000000e+00 -0.000000000000000000e+00
-0.000000000000000000e+00 -0.000000000000000000e+00 -0.000000000000000000e+00 -0.000000000000000000e+00 -0.000000000000000000e+00 -0.000000000000000000e+00 -0.000000000000000000e+00 -0.000000000000000000e+00 0.000000000000000000e+00 -0.000000000000000000e+00
-0.000000000000000000e+00 -0.000000000000000000e+00 -0.000000000000000000e+00 -0.000000000000000000e+00 -0.000000000000000000e+00 -0.000000000000000000e+00 -0.000000000000000000e+00 -0.000000000000000000e+00 0.000000000000000000e+00 -0.000000000000000000e+00
-0.000000000000000000e+00 -0.000000000000000000e+00 -0.000000000000000000e+00 -0.000000000000000000e+00 -0.000000000000000000e+00 -0.000000000000000000e+00 -0.000000000000000000e+00 -0.000000000000000000e+00 0.000000000000000000e+00 -0.000000000000000000e+00
-0.000000000000000000e+00 -0.000000000000000000e+00 -0.000000000000000000e+00 -0.000000000000000000e+00 -0.000000000000000000e+00 -0.000000000000000000e+00 -0.000000000000000000e+00 -0.000000000000000000e+00 0.000000000000000000e+00 -0.000000000000000000e+00
-0.000000000000000000e+00 -0.000000000000000000e+00 -0.000000000000000000e+00 -0.000000000000000000e+00 -0.000000000000000000e+00 -0.000000000000000000e+00 -0.000000000000000000e+00 -0.000000000000000000e+00 0.000000000000000000e+00 -0.000000000000000000e+00
-0.000000000000000000e+00 -0.000000000000000000e+00 -0.000000000000000000e+00 -0.000000000000000000e+00 -0.000000000000000000e+00 -0.000000000000000000e+00 -0.000000000000000000e+00 -0.000000000000000000e+00 0.000000000000000000e+00 -0.000000000000000000e+00
-0.000000000000000000e+00 -0.000000000000000000e+00 -0.000000000000000000e+00 -0.000000000000000000e+00 -0.000000000000000000e+00 -0.000000000000000000e+00 -0.000000000000000000e+00 -0.000000000000000000e+00 0.000000000000000000e+00 -0.000000000000000000e+00
-0.000000000000000000e+00 -0.000000000000000000e+00 -0.000000000000000000e+00 -0.000000000000000000e+00 -0.000000000000000000e+00 -0.000000000000000000e+00 -0.000000000000000000e+00 -0.000000000000000000e+00 0.000000000000000000e+00 -0.000000000000000000e+00
-0.000000000000000000e+00 -0.000000000000000000e+00 -0.000000000000000000e+00 -0.000000000000000000e+00 -0.000000000000000000e+00 -0.000000000000000000e+00 -0.000000000000000000e+00 -0.000000000000000000e+00 0.000000000000000000e+00 -0.000000000000000000e+00
-0.000000000000000000e+00 -0.000000000000000000e+00 -0.000000000000000000e+00 -0.000000000000000000e+00 -0.000000000000000000e+00 -0.000000000000000000e+00 -0.000000000000000000e+00 -0.000000000000000000e+00 0.000000000000000000e+00 -0.000000000000000000e+00
-0.000000000000000000e+00 -0.000000000000000000e+00 -0.000000000000000000e+00 -0.000000000000000000e+00 -0.000000000000000000e+00 -0.000000000000000000e+00 -0.000000000000000000e+00 -0.000000000000000000e+00 0.000000000000000000e+00 -0.000000000000000000e+00
-0.000000000000000000e+00 -0.000000000000000000e+00 -0.000000000000000000e+00 -0.000000000000000000e+00 -0.000000000000000000e+00 -0.000000000000000000e+00 -0.000000000000000000e+00 -0.000000000000000000e+00 0.000000000000000000e+00 -0.000000000000000000e+00
3.169322846316691936e-05 1.789599067502288895e-05 2.249958682433193460e-05 1.917999709337081461e-05 1.268487174331405438e-05 1.138789103207745474e-05 3.467173312464700939e-05 2.244174388499605924e-05 -5.875075135520982217e-07 1.702556724193319415e-05
-1.231467909251623523e-05 2.389320373204826371e-06 -1.742967025199161887e-05 -8.153838500165093577e-06 -1.423370424237752906e-05 -6.794581605180473291e-06 -1.999646492011769662e-05 -4.393662589193927867e-06 1.877003504734321314e-05 -1.202278728946355430e-05
2.480130833094035435e-05 1.066482687495400878e-05 1.480554125291797120e-05 1.349765307303828323e-05 2.120799175636311817e-05 9.581992219848076232e-06 1.014725544748484005e-05 2.442101764533529460e-06 1.923136716948641039e-05 2.087049031200000754e-05
1.893801962030030559e-05 2.015615123179265771e-05 3.007934474029049442e-05 1.530021035925884358e-05 1.800715201506176505e-05 1.959887688076135268e-05 1.950895550495169769e-05 2.078033447433743190e-05 5.244458711736929862e-06 2.499849084068531005e-05
1.641222184710187468e-05 2.619822656544611771e-05 1.913395978392069306e-05 7.041182425512598623e-06 3.141141561152875487e-05 1.381442256426605425e-05 2.135490793125990143e-05 1.966869173320503683e-05 1.158368742628033028e-05 1.853055650492876555e-05
5.609146101067032125e-06 1.094545072326080709e-05 1.080604534276682984e-05 -1.976688598159827067e-06 -6.739072179646654144e-06 5.434233057969017922e-06 2.601179291688580742e-06 9.580880164171295552e-07 1.320489607033584255e-05 9.732994990937685444e-06
1.586007952840149515e-06 -3.636956439141714254e-06 1.220242287550993958e-05 -1.707098438750153744e-06 2.798256766941363658e-06 1.090452363794735514e-05 3.022315215423307343e-06 1.614060421561420882e-05 2.799117966394654175e-05 1.322121124349803670e-05
1.508195805367103894e-05 -1.053076556349754012e-05 2.960074941284494107e-06 6.293969953781907932e-06 6.704496828724394293e-06 -8.879979943561149464e-06 9.616044399687152661e-06 -3.677338304603953511e-06 -7.384950134770848448e-06 1.788441381439569372e-05
2.405651973084261332e-05 2.349593437749680630e-06 4.182450395092376490e-06 2.923065835520153471e-05 2.052337591429738095e-05 1.729265992077841981e-05 2.574576300863516091e-05 3.043179296091012635e-06 7.132337276696939978e-06 6.098731855042697856e-06
4.598848925361650965e-05 4.208752027013236738e-05 2.467078128766780730e-05 2.824614623730966294e-05 4.380565927858782945e-05 2.722947091182844224e-05 4.267105023025568336e-05 1.178655561649634085e-05 2.825192856718668823e-05 1.966114956612343315e-05
8.770120880314388389e-07 7.000156369557428923e-07 -4.593575788651908952e-06 -2.739969054697843128e-06 2.494840128647874437e-06 1.913876551518999710e-06 -4.116801387773333636e-06 3.424165140024394908e-06 -4.483434584864913196e-06 2.475544396718984815e-06
2.714744730615544746e-07 -4.518372523961767134e-06 4.097037599776768207e-07 6.832545278112492901e-07 1.044899255408373527e-06 -1.452642300716997927e-06 -6.814096202840549437e-07 1.832412189911002445e-06 -1.284574304260863188e-06 -1.827555891049735933e-06
3.579347202047055216e-07 -4.814409351797104330e-06 -4.251857341241649236e-06 -4.033697228315152715e-06 4.001302612436389331e-07 -2.136384123960132278e-06 -5.851372580772593634e-06 4.968961143115881264e-06 -2.378265137671982381e-06 1.375211352043475949e-06
4.387508263923737852e-07 -1.047531969692244406e-06 7.578037039436775623e-07 -1.935326803732095926e-06 -2.951423411239732062e-06 -4.116930599145934521e-06 -5.937025229349199507e-06 3.492651962202275757e-06 1.234980731289980581e-06 -2.633511808305705965e-06
-3.419307604252112237e-06 1.247706486332513959e-06 -7.005891527955585927e-07 -3.049666231641151640e-06 1.993515613657887784e-06 1.984780066284907939e-06 -1.918802049992045277e-06 4.977027166024970136e-06 1.073916875252612876e-06 1.525102833487307820e-06
-3.487268562488943141e-06 -1.209134058141299050e-07 5.780975066747988303e-07 -1.795337898606899245e-07 -1.990174921101334995e-07 1.252324811562396593e-06 -3.250113212895402852e-06 9.351718349719545951e-07 -3.409090745236885355e-06 -2.553465845433999641e-06
-4.136883542418024266e-06 -4.582008703824584291e-06 -2.694404232218039078e-06 5.899954575085058539e-07 -5.873204767463246743e-07 -6.565156655832704374e-07 -1.296374080577030592e-06 3.128516286868218286e-06 1.865113763625882804e-06 3.046990246369241767e-06
-1.726908114287619710e-06 -3.658391035993887047e-06 -2.464191049094565391e-06 -4.011179959231725834e-06 -2.452038578916927732e-07 -6.022897112570751207e-07 -5.842829056424906812e-07 4.855025250174334633e-06 -9.515351302756158111e-07 4.172501011692544443e-07
-9.741246768178772910e-07 8.415086012703140249e-07 -7.436921509366908037e-08 2.539062372644485136e-08 -1.870791336431992376e-06 3.572511771852793325e-07 -6.798078244721645852e-07 1.393985474405504897e-06 -2.691298191717437192e-06 -1.100670366138249302e-06
1.838799435797363613e-06 -4.562559121976328710e-06 -5.330381197762348404e-06 -1.172777525217967748e-06 -2.241253764651313310e-06 -6.203953599965063331e-07 -4.860177440055068126e-06 6.931441042668182624e-06 1.515142144261869866e-06 -2.245046868360147262e-06
4.769667280645686592e-06 3.214169819534188495e-06 1.836075387975181048e-06 1.528127777898635990e-06 4.975241520358893024e-06 4.658941100689729606e-06 4.144368482935922588e-06 7.455992744650960276e-06 -4.906781733711550545e-07 3.586652181117404242e-06
4.865973140191251626e-06 3.264148420279633636e-06 1.865061265374252967e-06 1.544716868995706922e-06 5.086554021071684932e-06 4.741955566131991922e-06 4.204683019571677016e-06 7.647377424195722306e-06 -5.149156125620453491e-07 3.663742054612169818e-06
4.864850091301807271e-06 3.266614505633494442e-06 1.869179480623775317e-06 1.550176064302273227e-06 5.083821456892094510e-06 4.739570672536321600e-06 4.211269454553137258e-06 7.631993534469227870e-06 -5.158556747714385843e-07 3.658734042630493889e-06
4.753833497858993878e-06 3.200200260730036911e-06 1.827356078238390422e-06 1.518688721137627205e-06 4.959110668098980706e-06 4.641561489414815872e-06 4.129815960758839156e-06 7.436808895228532316e-06 -4.962424547579183678e-07 3.572352257562399190e-06
4.699917525150342031e-06 3.170835532813453519e-06 1.809262030066455553e-06 1.507683502230474974e-06 4.898860723188433222e-06 4.596255655247455712e-06 4.090511175030421651e-06 7.340116416939683609e-06 -4.812416594158406307e-07 3.532422965296713978e-06
4.592204620700399769e-06 3.106092242835497863e-06 1.770504420183454179e-06 1.479941237600755567e-06 4.779503999620219061e-06 4.498792481983502832e-06 4.010344604618176478e-06 7.151337407074496861e-06 -4.636142922223934355e-07 3.447984971555298357e-06
4.724386906163105267e-06 3.183738528031894291e-06 1.817832634251146320e-06 1.511115002091407795e-06 4.926758943373252509e-06 4.615165085802577864e-06 4.107274550305974399e-06 7.383668432817945807e-06 -4.878045305833796837e-07 3.551591044398510079e-06
4.768613093618992540e-06 3.211127514036135395e-06 1.832735836934179106e-06 1.523751782107843945e-06 4.975186356881950484e-06 4.659150722339765217e-06 4.139659599993541722e-06 7.463938975805964818e-06 -4.917556910886661288e-07 3.587545884412291552e-06
4.592042505477609439e-06 3.111455523199655726e-06 1.776195546639531871e-06 1.486303032546361505e-06 4.776507703546017363e-06 4.498779996061901049e-06 4.018128802252439314e-06 7.131134753393870712e-06 -4.576283450081738489e-07 3.446645989628547599e-06
4.720796133174030570e-06 3.181819584335906234e-06 1.816306138160715088e-06 1.510835765724353815e-06 4.922876301924432511e-06 4.612781266761892295e-06 4.103531445727103464e-06 7.378480922582775392e-06 -4.854481937858786034e-07 3.549831808831113027e-06
1.340120855068614794e-06 7.999448706895281093e-07 5.290892949184244458e-07 2.778021340239783626e-07 1.385484906761348575e-06 1.050259491134045547e-06 1.238402927025858647e-06 1.828051115371568931e-06 -4.096492206730946207e-07 8.747714621037725477e-07
1.300404691381328774e-06 7.761024038634411431e-07 5.132898025101323511e-07 2.693756378582387130e-07 1.344444226510149856e-06 1.019041528022495483e-06 1.201504368857519872e-06 1.774171997756643999e-06 -3.975183156441240385e-07 8.489305069761070585e-07
1.290252686070395696e-06 7.702044841066096989e-07 5.093848251097156006e-07 2.674893324852732559e-07 1.333925008563159733e-06 1.011249020942112288e-06 1.192271996291297657e-06 1.760144138015022459e-06 -3.943049367364397088e-07 8.422844509574773529e-07
1.310688574305297840e-06 7.825144352118376243e-07 5.175705331007097520e-07 2.719696674617465406e-07 1.355100269912484428e-06 1.027404668097924732e-06 1.211293927632493736e-06 1.787860250357778541e-06 -4.004688126137214977e-07 8.555593976474336590e-07
1.320007312834787090e-06 7.881347310262217178e-07 5.209684680661675011e-07 2.739718631175266610e-07 1.364756464791579908e-06 1.035357704888725137e-06 1.219324115367748076e-06 1.801996020493114873e-06 -4.025794723909411080e-07 8.622151544732039536e-07
1.382788797878158695e-06 8.256885259156804945e-07 5.460006310656015419e-07 2.871504473926522943e-07 1.429674037905820842e-06 1.084327018439696819e-06 1.277742147878862921e-06 1.886751490587094929e-06 -4.220666565713192359e-07 9.028674156866221958e-07
1.311516301173237941e-06 7.824968865809294527e-07 5.175825029176641428e-07 2.713708060839721857e-07 1.355957077082827816e-06 1.027368159583725674e-06 1.211683598586890690e-06 1.789246635961946129e-06 -4.012193473717042118e-07 8.560823656993776639e-07
1.378497559879378755e-06 8.233729860864028392e-07 5.442330984526068790e-07 2.866762862642315018e-07 1.425296023611157364e-06 1.081757986164487465e-06 1.273497729047295444e-06 1.881876502765760590e-06 -4.199746264448959229e-07 9.004814208122081835e-07
1.375344379933640725e-06 8.206810278223343472e-07 5.433066682165136874e-07 2.846791382368472223e-07 1.421847278307271646e-06 1.076544696797237698e-06 1.271621818702555151e-06 1.874016744229232251e-06 -4.216711405508145632e-07 8.969424278417493669e-07
1.389686057411061849e-06 8.290907842523760670e-07 5.485578980796202317e-07 2.874530238711397206e-07 1.436750227405444947e-06 1.088241010668822423e-06 1.284125016372964089e-06 1.895265672557599963e-06 -4.255183000490527785e-07 9.068702986716669410e-07
0.000000000000000000e+00 0.000000000000000000e+00 0.000000000000000000e+00 -0.000000000000000000e+00 0.000000000000000000e+00 0.000000000000000000e+00 0.000000000000000000e+00 0.000000000000000000e+00 -0.000000000000000000e+00 0.000000000000000000e+00
0.000000000000000000e+00 0.000000000000000000e+00 0.000000000000000000e+00 -0.000000000000000000e+00 0.000000000000000000e+00 0.000000000000000000e+00 0.000000000000000000e+00 0.000000000000000000e+00 -0.000000000000000000e+00 0.000000000000000000e+00
0.000000000000000000e+00 0.000000000000000000e+00 0.000000000000000000e+00 -0.000000000000000000e+00 0.000000000000000000e+00 0.000000000000000000e+00 0.000000000000000000e+00 0.000000000000000000e+00 -0.000000000000000000e+00 0.000000000000000000e+00
0.000000000000000000e+00 0.000000000000000000e+00 0.000000000000000000e+00 -0.000000000000000000e+00 0.000000000000000000e+00 0.000000000000000000e+00 0.000000000000000000e+00 0.000000000000000000e+00 -0.000000000000000000e+00 0.000000000000000000e+00
0.000000000000000000e+00 0.000000000000000000e+00 0.000000000000000000e+00 -0.000000000000000000e+00 0.000000000000000000e+00 0.000000000000000000e+00 0.000000000000000000e+00 0.000000000000000000e+00 -0.000000000000000000e+00 0.000000000000000000e+00
0.000000000000000000e+00 0.000000000000000000e+00 0.000000000000000000e+00 -0.000000000000000000e+00 0.000000000000000000e+00 0.000000000000000000e+00 0.000000000000000000e+00 0.000000000000000000e+00 -0.000000000000000000e+00 0.000000000000000000e+00
0.000000000000000000e+00 0.000000000000000000e+00 0.000000000000000000e+00 -0.000000000000000000e+00 0.000000000000000000e+00 0.000000000000000000e+00 0.000000000000000000e+00 0.000000000000000000e+00 -0.000000000000000000e+00 0.000000000000000000e+00
0.000000000000000000e+00 0.000000000000000000e+00 0.000000000000000000e+00 -0.000000000000000000e+00 0.000000000000000000e+00 0.000000000000000000e+00 0.000000000000000000e+00 0.000000000000000000e+00 -0.000000000000000000e+00 0.000000000000000000e+00
0.000000000000000000e+00 0.000000000000000000e+00 0.000000000000000000e+00 -0.000000000000000000e+00 0.000000000000000000e+00 0.000000000000000000e+00 0.000000000000000000e+00 0.000000000000000000e+00 -0.000000000000000000e+00 0.000000000000000000e+00
0.000000000000000000e+00 0.000000000000000000e+00 0.000000000000000000e+00 -0.000000000000000000e+00 0.000000000000000000e+00 0.000000000000000000e+00 0.000000000000000000e+00 0.000000000000000000e+00 -0.000000000000000000e+00 0.000000000000000000e+00
0.000000000000000000e+00 0.000000000000000000e+00 0.000000000000000000e+00 -0.000000000000000000e+00 0.000000000000000000e+00 0.000000000000000000e+00 0.000000000000000000e+00 0.000000000000000000e+00 -0.000000000000000000e+00 0.000000000000000000e+00
0.000000000000000000e+00 0.000000000000000000e+00 0.000000000000000000e+00 -0.000000000000000000e+00 0.000000000000000000e+00 0.000000000000000000e+00 0.000000000000000000e+00 0.000000000000000000e+00 -0.000000000000000000e+00 0.000000000000000000e+00
-0.000000000000000000e+00 -0.000000000000000000e+00 -0.000000000000000000e+00 0.000000000000000000e+00 -0.000000000000000000e+00 -0.000000000000000000e+00 -0.000000000000000000e+00 -0.000000000000000000e+00 0.000000000000000000e+00 -0.000000000000000000e+00
-0.000000000000000000e+00 -0.000000000000000000e+00 -0.000000000000000000e+00 0.000000000000000000e+00 -0.000000000000000000e+00 -0.000000000000000000e+00 -0.000000000000000000e+00 -0.000000000000000000e+00 0.000000000000000000e+00 -0.000000000000000000e+00
-0.000000000000000000e+00 -0.000000000000000000e+00 -0.000000000000000000e+00 0.000000000000000000e+00 -0.000000000000000000e+00 -0.000000000000000000e+00 -0.000000000000000000e+00 -0.000000000000000000e+00 0.000000000000000000e+00 -0.000000000000000000e+00
-0.000000000000000000e+00 -0.000000000000000000e+00 -0.000000000000000000e+00 0.000000000000000000e+00 -0.000000000000000000e+00 -0.000000000000000000e+00 -0.000000000000000000e+00 -0.000000000000000000e+00 0.000000000000000000e+00 -0.000000000000000000e+00
-0.000000000000000000e+00 -0.000000000000000000e+00 -0.000000000000000000e+00 0.000000000000000000e+00 -0.000000000000000000e+00 -0.000000000000000000e+00 -0.000000000000000000e+00 -0.000000000000000000e+00 0.000000000000000000e+00 -0.000000000000000000e+00
-0.000000000000000000e+00 -0.000000000000000000e+00 0.000000000000000000e+00 0.000000000000000000e+00 -0.000000000000000000e+00 -0.000000000000000000e+00 0.000000000000000000e+00 -0.000000000000000000e+00 -0.000000000000000000e+00 -0.000000000000000000e+00
0.000000000000000000e+00 0.000000000000000000e+00 0.000000000000000000e+00 0.000000000000000000e+00 0.000000000000000000e+00 0.000000000000000000e+00 0.000000000000000000e+00 0.000000000000000000e+00 -0.000000000000000000e+00 0.000000000000000000e+00
-0.000000000000000000e+00 -0.000000000000000000e+00 -0.000000000000000000e+00 0.000000000000000000e+00 -0.000000000000000000e+00 -0.000000000000000000e+00 -0.000000000000000000e+00 -0.000000000000000000e+00 0.000000000000000000e+00 -0.000000000000000000e+00
-0.000000000000000000e+00 0.000000000000000000e+00 0.000000000000000000e+00 0.000000000000000000e+00 -0.000000000000000000e+00 0.000000000000000000e+00 -0.000000000000000000e+00 0.000000000000000000e+00 0.000000000000000000e+00 0.000000000000000000e+00
-0.000000000000000000e+00 -0.000000000000000000e+00 -0.000000000000000000e+00 0.000000000000000000e+00 -0.000000000000000000e+00 -0.000000000000000000e+00 -0.000000000000000000e+00 -0.000000000000000000e+00 0.000000000000000000e+00 -0.000000000000000000e+00
0.000000000000000000e+00 0.000000000000000000e+00 0.000000000000000000e+00 0.000000000000000000e+00 0.000000000000000000e+00 0.000000000000000000e+00 0.000000000000000000e+00 0.000000000000000000e+00 0.000000000000000000e+00 0.000000000000000000e+00
0.000000000000000000e+00 0.000000000000000000e+00 0.000000000000000000e+00 -0.000000000000000000e+00 0.000000000000000000e+00 0.000000000000000000e+00 0.000000000000000000e+00 0.000000000000000000e+00 -0.000000000000000000e+00 0.000000000000000000e+00
0.000000000000000000e+00 0.000000000000000000e+00 0.000000000000000000e+00 0.000000000000000000e+00 0.000000000000000000e+00 0.000000000000000000e+00 0.000000000000000000e+00 0.000000000000000000e+00 -0.000000000000000000e+00 0.000000000000000000e+00
0.000000000000000000e+00 0.000000000000000000e+00 0.000000000000000000e+00 0.000000000000000000e+00 0.000000000000000000e+00 0.000000000000000000e+00 0.000000000000000000e+00 0.000000000000000000e+00 0.000000000000000000e+00 0.000000000000000000e+00
0.000000000000000000e+00 0.000000000000000000e+00 0.000000000000000000e+00 0.000000000000000000e+00 0.000000000000000000e+00 0.000000000000000000e+00 0.000000000000000000e+00 0.000000000000000000e+00 0.000000000000000000e+00 0.000000000000000000e+00
0.000000000000000000e+00 0.000000000000000000e+00 0.000000000000000000e+00 0.000000000000000000e+00 0.000000000000000000e+00 0.000000000000000000e+00 0.000000000000000000e+00 0.000000000000000000e+00 -0.000000000000000000e+00 0.000000000000000000e+00
-0.000000000000000000e+00 -0.000000000000000000e+00 -0.000000000000000000e+00 0.000000000000000000e+00 -0.000000000000000000e+00 -0.000000000000000000e+00 -0.000000000000000000e+00 -0.000000000000000000e+00 0.000000000000000000e+00 -0.000000000000000000e+00
0.000000000000000000e+00 0.000000000000000000e+00 0.000000000000000000e+00 0.000000000000000000e+00 0.000000000000000000e+00 0.000000000000000000e+00 0.000000000000000000e+00 0.000000000000000000e+00 -0.000000000000000000e+00 0.000000000000000000e+00
-0.000000000000000000e+00 -0.000000000000000000e+00 -0.000000000000000000e+00 -0.000000000000000000e+00 -0.000000000000000000e+00 -0.000000000000000000e+00 -0.000000000000000000e+00 -0.000000000000000000e+00 0.000000000000000000e+00 -0.000000000000000000e+00
-0.000000000000000000e+00 -0.000000000000000000e+00 -0.000000000000000000e+00 -0.000000000000000000e+00 -0.000000000000000000e+00 -0.000000000000000000e+00 -0.000000000000000000e+00 -0.000000000000000000e+00 0.000000000000000000e+00 -0.000000000000000000e+00
0.000000000000000000e+00 0.000000000000000000e+00 0.000000000000000000e+00 -0.000000000000000000e+00 0.000000000000000000e+00 -0.000000000000000000e+00 0.000000000000000000e+00 0.000000000000000000e+00 -0.000000000000000000e+00 0.000000000000000000e+00
0.000000000000000000e+00 0.000000000000000000e+00 0.000000000000000000e+00 -0.000000000000000000e+00 0.000000000000000000e+00 0.000000000000000000e+00 0.000000000000000000e+00 0.000000000000000000e+00 -0.000000000000000000e+00 0.000000000000000000e+00
-0.000000000000000000e+00 -0.000000000000000000e+00 -0.000000000000000000e+00 0.000000000000000000e+00 -0.000000000000000000e+00 -0.000000000000000000e+00 -0.000000000000000000e+00 -0.000000000000000000e+00 0.000000000000000000e+00 -0.000000000000000000e+00
0.000000000000000000e+00 0.000000000000000000e+00 0.000000000000000000e+00 0.000000000000000000e+00 0.000000000000000000e+00 0.000000000000000000e+00 0.000000000000000000e+00 0.000000000000000000e+00 -0.000000000000000000e+00 0.000000000000000000e+00
-0.000000000000000000e+00 -0.000000000000000000e+00 -0.000000000000000000e+00 0.000000000000000000e+00 -0.000000000000000000e+00 0.000000000000000000e+00 -0.000000000000000000e+00 0.000000000000000000e+00 0.000000000000000000e+00 0.000000000000000000e+00
-0.000000000000000000e+00 -0.000000000000000000e+00 0.000000000000000000e+00 -0.000000000000000000e+00 -0.000000000000000000e+00 -0.000000000000000000e+00 -0.000000000000000000e+00 -0.000000000000000000e+00 -0.000000000000000000e+00 -0.000000000000000000e+00
-0.000000000000000000e+00 -0.000000000000000000e+00 -0.000000000000000000e+00 -0.000000000000000000e+00 -0.000000000000000000e+00 -0.000000000000000000e+00 -0.000000000000000000e+00 -0.000000000000000000e+00 0.000000000000000000e+00 -0.000000000000000000e+00
0.000000000000000000e+00 0.000000000000000000e+00 0.000000000000000000e+00 0.000000000000000000e+00 0.000000000000000000e+00 0.000000000000000000e+00 0.000000000000000000e+00 0.000000000000000000e+00 -0.000000000000000000e+00 0.000000000000000000e+00
0.000000000000000000e+00 0.000000000000000000e+00 0.000000000000000000e+00 0.000000000000000000e+00 0.000000000000000000e+00 0.000000000000000000e+00 0.000000000000000000e+00 0.000000000000000000e+00 -0.000000000000000000e+00 0.000000000000000000e+00
0.000000000000000000e+00 0.000000000000000000e+00 0.000000000000000000e+00 0.000000000000000000e+00 0.000000000000000000e+00 0.000000000000000000e+00 0.000000000000000000e+00 0.000000000000000000e+00 -0.000000000000000000e+00 0.000000000000000000e+00
0.000000000000000000e+00 0.000000000000000000e+00 0.000000000000000000e+00 0.000000000000000000e+00 0.000000000000000000e+00 0.000000000000000000e+00 0.000000000000000000e+00 0.000000000000000000e+00 -0.000000000000000000e+00 0.000000000000000000e+00
0.000000000000000000e+00 0.000000000000000000e+00 0.000000000000000000e+00 0.000000000000000000e+00 0.000000000000000000e+00 0.000000000000000000e+00 0.000000000000000000e+00 0.000000000000000000e+00 -0.000000000000000000e+00 0.000000000000000000e+00
0.000000000000000000e+00 0.000000000000000000e+00 0.000000000000000000e+00 0.000000000000000000e+00 0.000000000000000000e+00 0.000000000000000000e+00 0.000000000000000000e+00 0.000000000000000000e+00 -0.000000000000000000e+00 0.000000000000000000e+00
0.000000000000000000e+00 0.000000000000000000e+00 0.000000000000000000e+00 0.000000000000000000e+00 0.000000000000000000e+00 0.000000000000000000e+00 0.000000000000000000e+00 0.000000000000000000e+00 -0.000000000000000000e+00 0.000000000000000000e+00
0.000000000000000000e+00 0.000000000000000000e+00 0.000000000000000000e+00 0.000000000000000000e+00 0.000000000000000000e+00 0.000000000000000000e+00 0.000000000000000000e+00 0.000000000000000000e+00 -0.000000000000000000e+00 0.000000000000000000e+00
0.000000000000000000e+00 0.000000000000000000e+00 0.000000000000000000e+00 0.000000000000000000e+00 0.000000000000000000e+00 0.000000000000000000e+00 0.000000000000000000e+00 0.000000000000000000e+00 -0.000000000000000000e+00 0.000000000000000000e+00
0.000000000000000000e+00 0.000000000000000000e+00 0.000000000000000000e+00 0.000000000000000000e+00 0.000000000000000000e+00 0.000000000000000000e+00 0.000000000000000000e+00 0.000000000000000000e+00 -0.000000000000000000e+00 0.000000000000000000e+00
0.000000000000000000e+00 0.000000000000000000e+00 0.000000000000000000e+00 0.000000000000000000e+00 0.000000000000000000e+00 0.000000000000000000e+00 0.000000000000000000e+00 0.000000000000000000e+00 -0.000000000000000000e+00 0.000000000000000000e+00
0.000000000000000000e+00 0.000000000000000000e+00 0.000000000000000000e+00 0.000000000000000000e+00 0.000000000000000000e+00 0.000000000000000000e+00 0.000000000000000000e+00 0.000000000000000000e+00 -0.000000000000000000e+00 0.000000000000000000e+00
0.000000000000000000e+00 0.000000000000000000e+00 0.000000000000000000e+00 0.000000000000000000e+00 0.000000000000000000e+00 0.000000000000000000e+00 0.000000000000000000e+00 0.000000000000000000e+00 -0.000000000000000000e+00 0.000000000000000000e+00
0.000000000000000000e+00 0.000000000000000000e+00 0.000000000000000000e+00 0.000000000000000000e+00 0.000000000000000000e+00 0.000000000000000000e+00 0.000000000000000000e+00 0.000000000000000000e+00 -0.000000000000000000e+00 0.000000000000000000e+00
0.000000000000000000e+00 0.000000000000000000e+00 0.000000000000000000e+00 0.000000000000000000e+00 0.000000000000000000e+00 0.000000000000000000e+00 0.000000000000000000e+00 0.000000000000000000e+00 -0.000000000000000000e+00 0.000000000000000000e+00
0.000000000000000000e+00 0.000000000000000000e+00 0.000000000000000000e+00 0.000000000000000000e+00 0.000000000000000000e+00 0.000000000000000000e+00 0.000000000000000000e+00 0.000000000000000000e+00 -0.000000000000000000e+00 0.000000000000000000e+00
0.000000000000000000e+00 0.000000000000000000e+00 0.000000000000000000e+00 0.000000000000000000e+00 0.000000000000000000e+00 -0.000000000000000000e+00 0.000000000000000000e+00 -0.000000000000000000e+00 -0.000000000000000000e+00 -0.000000000000000000e+00
0.000000000000000000e+00 0.000000000000000000e+00 0.000000000000000000e+00 0.000000000000000000e+00 0.000000000000000000e+00 0.000000000000000000e+00 0.000000000000000000e+00 0.000000000000000000e+00 -0.000000000000000000e+00 0.000000000000000000e+00
0.000000000000000000e+00 0.000000000000000000e+00 0.000000000000000000e+00 -0.000000000000000000e+00 0.000000000000000000e+00 -0.000000000000000000e+00 0.000000000000000000e+00 -0.000000000000000000e+00 -0.000000000000000000e+00 -0.000000000000000000e+00
0.000000000000000000e+00 0.000000000000000000e+00 0.000000000000000000e+00 0.000000000000000000e+00 0.000000000000000000e+00 0.000000000000000000e+00 0.000000000000000000e+00 -0.000000000000000000e+00 -0.000000000000000000e+00 -0.000000000000000000e+00
0.000000000000000000e+00 0.000000000000000000e+00 0.000000000000000000e+00 0.000000000000000000e+00 0.000000000000000000e+00 0.000000000000000000e+00 0.000000000000000000e+00 0.000000000000000000e+00 -0.000000000000000000e+00 0.000000000000000000e+00
-0.000000000000000000e+00 -0.000000000000000000e+00 -0.000000000000000000e+00 0.000000000000000000e+00 -0.000000000000000000e+00 -0.000000000000000000e+00 -0.000000000000000000e+00 -0.000000000000000000e+00 0.000000000000000000e+00 -0.000000000000000000e+00
-0.000000000000000000e+00 -0.000000000000000000e+00 0.000000000000000000e+00 -0.000000000000000000e+00 -0.000000000000000000e+00 -0.000000000000000000e+00 0.000000000000000000e+00 -0.000000000000000000e+00 -0.000000000000000000e+00 -0.000000000000000000e+00
-0.000000000000000000e+00 -0.000000000000000000e+00 -0.000000000000000000e+00 0.000000000000000000e+00 -0.000000000000000000e+00 -0.000000000000000000e+00 -0.000000000000000000e+00 -0.000000000000000000e+00 0.000000000000000000e+00 -0.000000000000000000e+00
-0.000000000000000000e+00 -0.000000000000000000e+00 -0.000000000000000000e+00 0.000000000000000000e+00 -0.000000000000000000e+00 -0.000000000000000000e+00 -0.000000000000000000e+00 -0.000000000000000000e+00 0.000000000000000000e+00 -0.000000000000000000e+00
-0.000000000000000000e+00 -0.000000000000000000e+00 -0.000000000000000000e+00 0.000000000000000000e+00 -0.000000000000000000e+00 -0.000000000000000000e+00 -0.000000000000000000e+00 -0.000000000000000000e+00 0.000000000000000000e+00 -0.000000000000000000e+00
-0.000000000000000000e+00 -0.000000000000000000e+00 -0.000000000000000000e+00 0.000000000000000000e+00 -0.000000000000000000e+00 -0.000000000000000000e+00 -0.000000000000000000e+00 -0.000000000000000000e+00 0.000000000000000000e+00 -0.000000000000000000e+00
-0.000000000000000000e+00 -0.000000000000000000e+00 -0.000000000000000000e+00 0.000000000000000000e+00 -0.000000000000000000e+00 -0.000000000000000000e+00 -0.000000000000000000e+00 -0.000000000000000000e+00 0.000000000000000000e+00 -0.000000000000000000e+00
0.000000000000000000e+00 -0.000000000000000000e+00 0.000000000000000000e+00 -0.000000000000000000e+00 -0.000000000000000000e+00 -0.000000000000000000e+00 0.000000000000000000e+00 -0.000000000000000000e+00 -0.000000000000000000e+00 -0.000000000000000000e+00
-0.000000000000000000e+00 -0.000000000000000000e+00 -0.000000000000000000e+00 0.000000000000000000e+00 -0.000000000000000000e+00 -0.000000000000000000e+00 -0.000000000000000000e+00 -0.000000000000000000e+00 0.000000000000000000e+00 -0.000000000000000000e+00
-0.000000000000000000e+00 -0.000000000000000000e+00 -0.000000000000000000e+00 0.000000000000000000e+00 -0.000000000000000000e+00 -0.000000000000000000e+00 -0.000000000000000000e+00 -0.000000000000000000e+00 0.000000000000000000e+00 -0.000000000000000000e+00
-0.000000000000000000e+00 0.000000000000000000e+00 -0.000000000000000000e+00 0.000000000000000000e+00 -0.000000000000000000e+00 0.000000000000000000e+00 -0.000000000000000000e+00 0.000000000000000000e+00 0.000000000000000000e+00 0.000000000000000000e+00
-0.000000000000000000e+00 0.000000000000000000e+00 -0.000000000000000000e+00 0.000000000000000000e+00 -0.000000000000000000e+00 0.000000000000000000e+00 -0.000000000000000000e+00 0.000000000000000000e+00 0.000000000000000000e+00 0.000000000000000000e+00
-0.000000000000000000e+00 -0.000000000000000000e+00 -0.000000000000000000e+00 0.000000000000000000e+00 -0.000000000000000000e+00 0.000000000000000000e+00 -0.000000000000000000e+00 0.000000000000000000e+00 0.000000000000000000e+00 0.000000000000000000e+00
-0.000000000000000000e+00 -0.000000000000000000e+00 -0.000000000000000000e+00 0.000000000000000000e+00 -0.000000000000000000e+00 0.000000000000000000e+00 -0.000000000000000000e+00 0.000000000000000000e+00 0.000000000000000000e+00 0.000000000000000000e+00
-0.000000000000000000e+00 -0.000000000000000000e+00 -0.000000000000000000e+00 0.000000000000000000e+00 -0.000000000000000000e+00 0.000000000000000000e+00 -0.000000000000000000e+00 0.000000000000000000e+00 0.000000000000000000e+00 -0.000000000000000000e+00
-0.000000000000000000e+00 0.000000000000000000e+00 -0.000000000000000000e+00 0.000000000000000000e+00 -0.000000000000000000e+00 0.000000000000000000e+00 -0.000000000000000000e+00 0.000000000000000000e+00 0.000000000000000000e+00 0.000000000000000000e+00
-0.000000000000000000e+00 -0.000000000000000000e+00 -0.000000000000000000e+00 0.000000000000000000e+00 -0.000000000000000000e+00 0.000000000000000000e+00 -0.000000000000000000e+00 0.000000000000000000e+00 0.000000000000000000e+00 0.000000000000000000e+00
-0.000000000000000000e+00 -0.000000000000000000e+00 -0.000000000000000000e+00 -0.000000000000000000e+00 -0.000000000000000000e+00 0.000000000000000000e+00 -0.000000000000000000e+00 0.000000000000000000e+00 0.000000000000000000e+00 0.000000000000000000e+00
-0.000000000000000000e+00 -0.000000000000000000e+00 -0.000000000000000000e+00 0.000000000000000000e+00 -0.000000000000000000e+00 0.000000000000000000e+00 -0.000000000000000000e+00 0.000000000000000000e+00 0.000000000000000000e+00 0.000000000000000000e+00
-0.000000000000000000e+00 -0.000000000000000000e+00 -0.000000000000000000e+00 0.000000000000000000e+00 -0.000000000000000000e+00 0.000000000000000000e+00 -0.000000000000000000e+00 0.000000000000000000e+00 0.000000000000000000e+00 0.000000000000000000e+00
-3.552543400952602652e-07 9.064615546055518257e-08 -1.145225009206178181e-08 1.548373150787986577e-07 -5.432291238251255216e-07 -2.985512107238262663e-07 3.580964537954228142e-07 -1.579633664935220532e-06 -5.414137088262328683e-07 -8.639517501428651288e-07
-6.187556412555677669e-07 -2.751334373739311944e-07 -3.554166894901373047e-07 -6.713641487499852159e-07 -4.669890805955293563e-07 7.886521251154756214e-07 -8.922512143339719312e-07 1.529300304625621242e-06 1.925590819718688218e-07 -1.703068699316569308e-07
-6.768222014837436513e-08 -2.173154944046416706e-07 -5.727915326513053726e-07 -4.425863918676212268e-07 -7.017107323741725262e-07 6.882309108355295332e-07 -1.047374914444810034e-07 3.645050195539170999e-07 -2.420547800407432528e-08 -3.771773753519700625e-08
-6.792987771994316958e-07 -1.445127822191527104e-08 -4.962100083161881847e-07 2.951933896515768620e-07 -6.434045648869879048e-07 -4.834521798822268165e-07 5.960974512561351091e-09 -7.392973176434587074e-07 -4.130924559535843983e-08 -1.943582766369376158e-07
-1.451693849492965960e-08 -1.954383512409637299e-07 -7.367272671881037754e-07 -2.661076780678404962e-07 -3.120244700030487623e-07 6.374843856627640394e-07 2.459925342391352696e-07 3.195968353432178926e-07 1.032613669343172488e-07 -2.248338550560253964e-07
-2.187361128783075113e-07 -1.758218674909694841e-07 -8.745700288983698916e-07 -5.643717038124073000e-07 -2.942656529526965000e-07 1.127464632236291520e-06 -7.185198044249916161e-07 2.033876205582739288e-06 7.283612043644803603e-08 2.540290544858841069e-07
-5.054886546356189200e-07 1.457033216001107109e-07 -4.735474979282494058e-07 2.996346944594485355e-07 -7.881146234208666590e-07 1.532300797573858438e-08 3.649694199278807881e-07 -8.858242438044410731e-07 -4.082806225830679210e-07 -5.885746148907062743e-07
-6.223425310530228553e-07 -5.870196958708461439e-07 -5.630039438012230316e-07 -4.146619923178626743e-07 -8.497800367680443735e-07 6.615516572818940670e-07 -1.051577310938762890e-06 1.342672491646224439e-06 -2.572412999852718938e-07 -3.005907674603600212e-07
-2.824416883991464510e-07 -5.281198930551934370e-07 -7.856487919923273732e-07 -2.777919267411250295e-07 -2.164364830089696009e-07 1.372472074062281816e-06 -8.168599972611964920e-07 2.096472467738059969e-06 3.835666573700013383e-07 2.395584568579186109e-07
-6.082377361484512510e-07 -1.188097351075939446e-07 -6.025733831508501803e-07 -2.829613138931413303e-07 -8.995320424692361402e-08 -8.122896179774688909e-07 -6.181553769254519254e-08 -8.286826917319423460e-07 -6.559904178185546576e-07 -9.054728888444866224e-07
-4.318794874312019397e-07 3.748662401880063929e-06 -1.674652678826939318e-06 9.661451828224849886e-06 -4.054746588869551979e-07 1.064322516257779973e-05 -7.346447294326554402e-06 1.076283138637264519e-05 2.066365945852586446e-05 8.442235284599752606e-06
-1.239726464877415207e-06 3.149305213678063242e-06 -1.229049698696968435e-06 8.543466802052117180e-06 -1.793058052557757343e-06 1.122168571966766274e-05 -7.604984056839058772e-06 9.543059918403323027e-06 1.838316519236878668e-05 7.923097701142798346e-06
-2.030727344183274187e-06 3.207913726724499308e-06 -2.003118455613780045e-06 7.903475436322552743e-06 -1.605016342224163538e-06 1.267487107329193326e-05 -9.031579929227709130e-06 1.305724592629949227e-05 2.042766895047564321e-05 1.006379950590198030e-05
-5.073762725506439534e-07 4.076642916567340442e-06 -2.976206370968946089e-07 9.770243708166084329e-06 -2.145643481928226047e-06 1.088456215061746591e-05 -9.071202648184643801e-06 1.250012412052715372e-05 2.066824742080931396e-05 8.594630944153905321e-06
-2.408684884823964562e-06 4.457607912466904261e-06 -1.383767251195251778e-06 8.968885149057358560e-06 -3.125059557648278453e-07 1.382063786585215993e-05 -8.584312291027323513e-06 1.410699725415264146e-05 2.321348660801112100e-05 1.113813187609745383e-05
-1.815920234027546120e-06 3.156074807251792757e-06 -1.326948299488930635e-06 8.153288489934389571e-06 -2.393067375023234889e-06 1.076121681869806040e-05 -7.928007035144676141e-06 1.168134111814011677e-05 1.966115348137481296e-05 7.666477363524495017e-06
-1.598861950178332931e-06 5.516338183320588565e-06 -1.129971892665755066e-06 8.581374902930756569e-06 -2.566649875216582586e-08 9.712693873815368627e-06 -8.794939980908523343e-06 1.268861123139542264e-05 2.208557489411797699e-05 9.497855838432895927e-06
-1.519229465763165513e-06 4.786249718939150483e-06 -1.691655227472836601e-06 8.600047116276423332e-06 4.969864860146549044e-07 1.219436927644081333e-05 -9.371702930268566861e-06 1.255302960621956360e-05 2.429460275574731368e-05 8.228365188124384455e-06
-9.395793299643796754e-07 3.009851621861670444e-06 -5.691379124576958105e-07 8.304850564113343725e-06 -1.498920083651186292e-06 1.104440608172240138e-05 -7.371482169289302061e-06 1.006263396929323507e-05 1.906997684969950833e-05 8.010769891308375652e-06
-9.858206541537645503e-07 3.470105228402318140e-06 -1.784626163194389156e-06 9.206976494779170965e-06 -1.162540121464348592e-06 1.151073810507112559e-05 -7.867849298424066384e-06 1.145751189480954257e-05 2.024730112902236364e-05 9.435029810662636218e-06
-8.435933038027466503e-06 -1.683528124840520758e-06 -9.883794824809277718e-07 8.201930094149965795e-06 -1.356932094657750304e-05 -2.406113276721369527e-05 -7.465864200609088376e-06 -3.093199677950123674e-05 -3.561139662232096102e-07 -2.389717196043176532e-06
-2.102649638269975339e-05 -2.670598030511145578e-05 -1.224317747872979827e-05 -7.877076289301371148e-06 -1.468551120958267031e-05 -1.771082076413474881e-05 -8.810137558830415661e-06 -3.021311578189475987e-05 3.724180819068106366e-06 -1.471688603376295150e-05
-9.621418393640418767e-06 4.742302163558111503e-06 1.220311523583759911e-05 1.023266275956044993e-05 -1.910754770599978111e-05 -1.269391751255584687e-06 1.237754700879346058e-05 -3.141412786860952103e-05 -4.071950922776548576e-06 -1.396572427162435521e-05
-3.105507197945114021e-05 -2.386869761117891599e-05 -3.318798562904198318e-06 -2.195477556556042965e-05 -1.881143876767135887e-05 -4.050288983211443176e-05 -2.716018999360600975e-05 -3.637695400952107894e-05 -1.913370641970820929e-05 -2.283400250792247407e-05
-6.181636566042743090e-06 -1.356479411463372142e-06 -1.905020733226446324e-06 -1.008304076495598078e-05 -1.607376023658729910e-05 -2.020427263714436532e-05 -1.416913541147356619e-05 -3.924165975565757592e-05 -1.019630613076804723e-05 -1.551196136895275233e-05
-4.572026593228055814e-06 -6.424970160177408157e-06 -1.100892370255992982e-05 7.545930177420079770e-06 -1.804703263358894483e-05 -9.691787849399654257e-06 -6.093605855779964185e-06 -2.675199599418288238e-05 -5.958171645664311351e-06 -1.380811812088413772e-05
-1.822001854669460109e-05 -9.427437800228898423e-06 3.333615809548720020e-06 -1.156944680682936076e-05 -7.443780783749780068e-06 -1.198333332636068281e-05 -1.808254295497460781e-05 -2.758939655474953401e-05 5.821594640986251622e-06 -1.735039898965301790e-05
-1.276372086236874727e-05 -1.032456960082199894e-06 -8.257998510921334953e-06 1.158828786265095233e-05 -7.039257539355303126e-06 2.085084147744021712e-07 9.278165924674832853e-06 -2.677185765333883253e-05 7.517070029571100964e-06 -1.621162090169085557e-05
-2.289899441537546622e-05 -1.826712365000060818e-05 -3.550782503952735575e-06 -7.714473558730053894e-06 -2.423179248867812747e-05 -1.574536222796041121e-05 -4.765927728336852481e-06 -4.445926085385608931e-05 5.644825202807628428e-06 -1.470601838373665246e-05
-2.489778419560305213e-05 -1.411847553673569872e-05 -3.688877347570749481e-06 -1.197474784199810815e-05 -2.163043581781149763e-05 -4.315571274965206670e-05 -3.110319032994091868e-05 -4.570896812892164489e-05 -4.306877581427479843e-06 -2.340381176126303260e-05
4.688086192369556862e-05 2.639629614335660859e-05 3.599486276285606160e-06 4.814032710330709038e-06 5.237279229329823535e-05 4.134123556536973751e-05 2.961727774183679380e-05 9.866479194495467197e-05 -5.536067726025779716e-06 5.047551269210375104e-05
5.941836748357540225e-05 3.058572045986650186e-05 7.542603298160368220e-06 5.227823997490228646e-07 7.177980383133293575e-05 5.736795220819854255e-05 5.603083647959947790e-05 1.035203352922619435e-04 -1.846115718072124310e-05 4.783531520052714263e-05
6.700989420789942627e-05 4.639058196347389974e-05 2.870828969893583055e-05 4.605088330872333803e-06 6.746127700032078945e-05 6.305688938190067349e-05 5.398099801617206622e-05 9.306667038654250883e-05 -1.043488504530514584e-05 4.239765532697156942e-05
3.779485007184661818e-05 1.432112985409370563e-05 -2.413622558761706181e-06 -9.752132598890579827e-06 3.347448962072839274e-05 2.981130305969367986e-05 1.264240989688660355e-05 8.523145159491160984e-05 -1.448060146589028713e-05 2.562262612132810700e-05
6.002642649622850883e-05 1.785964108955241916e-05 1.567978515169021858e-05 -7.251906218292904288e-06 4.461600912239665291e-05 4.998486203709365223e-05 3.359148808456445485e-05 9.396058470594154349e-05 -1.156895347755344224e-05 3.096218203398333848e-05
3.694646109871515367e-05 1.250455703616335972e-05 2.478582358627096218e-06 1.007408925297615439e-07 4.276281078981117973e-05 3.221694598170500888e-05 3.612315653154717055e-05 9.274891476243545094e-05 -1.684386559817488830e-05 4.350357903153717512e-05
4.935082019433618185e-05 3.098173393628645431e-05 1.082004793113043722e-05 2.612850569774174085e-07 5.016177389332783542e-05 3.808834974166114051e-05 3.700155679308178802e-05 1.024937058017176447e-04 -8.727526486732524704e-06 4.362476602654889567e-05
5.917696786459077725e-05 2.844410219980111968e-05 1.838664897723499189e-05 8.627487893611151217e-06 6.078420476458281860e-05 3.328792413220269593e-05 2.994877413776173586e-05 1.021080830206834867e-04 -1.597588245931146059e-05 3.704354627354656404e-05
6.237798235893228039e-05 4.009536365559461188e-05 2.450229506614137458e-05 1.014083436844130640e-05 6.375054562991634818e-05 5.306911771451867081e-05 5.781030209693803165e-05 9.472901440537995882e-05 -1.739672735526102002e-05 5.206981071241851541e-05
5.891105040734707107e-05 2.465110913283585366e-05 1.976235732124465654e-05 1.277173366017768101e-05 6.721462655590530039e-05 5.166510449185401303e-05 4.612726382380375996e-05 9.759009617541060464e-05 -2.103017174956115399e-05 4.238439993688270326e-05
