0.000000000000000000e+00
0.000000000000000000e+00
0.000000000000000000e+00
0.000000000000000000e+00
0.000000000000000000e+00
0.000000000000000000e+00
0.000000000000000000e+00
0.000000000000000000e+00
0.000000000000000000e+00
0.000000000000000000e+00
-0.000000000000000000e+00
0.000000000000000000e+00
-0.000000000000000000e+00
0.000000000000000000e+00
-0.000000000000000000e+00
-0.000000000000000000e+00
-0.000000000000000000e+00
-0.000000000000000000e+00
-0.000000000000000000e+00
0.000000000000000000e+00
-0.000000000000000000e+00
-0.000000000000000000e+00
-0.000000000000000000e+00
-0.000000000000000000e+00
-0.000000000000000000e+00
-0.000000000000000000e+00
-0.000000000000000000e+00
-0.000000000000000000e+00
-0.000000000000000000e+00
-0.000000000000000000e+00
-0.000000000000000000e+00
-0.000000000000000000e+00
-0.000000000000000000e+00
-0.000000000000000000e+00
-0.000000000000000000e+00
-0.000000000000000000e+00
-0.000000000000000000e+00
-0.000000000000000000e+00
-0.000000000000000000e+00
-0.000000000000000000e+00
-0.000000000000000000e+00
-0.000000000000000000e+00
-0.000000000000000000e+00
-0.000000000000000000e+00
-0.000000000000000000e+00
-0.000000000000000000e+00
-0.000000000000000000e+00
-0.000000000000000000e+00
-0.000000000000000000e+00
-0.000000000000000000e+00
-0.000000000000000000e+00
-0.000000000000000000e+00
-0.000000000000000000e+00
-0.000000000000000000e+00
-0.000000000000000000e+00
-0.000000000000000000e+00
-0.000000000000000000e+00
-0.000000000000000000e+00
-0.000000000000000000e+00
-0.000000000000000000e+00
-0.000000000000000000e+00
-0.000000000000000000e+00
-0.000000000000000000e+00
-0.000000000000000000e+00
-0.000000000000000000e+00
-0.000000000000000000e+00
-0.000000000000000000e+00
-0.000000000000000000e+00
-0.000000000000000000e+00
-0.000000000000000000e+00
-0.000000000000000000e+00
-0.000000000000000000e+00
-0.000000000000000000e+00
-0.000000000000000000e+00
-0.000000000000000000e+00
-0.000000000000000000e+00
-0.000000000000000000e+00
-0.000000000000000000e+00
-0.000000000000000000e+00
-0.000000000000000000e+00
-3.427280557010756174e-05
-4.430336550919223432e-06
-1.633000839262785907e-04
1.171145400708450778e-04
3.091225384371161272e-04
2.080823302579561595e-04
-1.800187045555617297e-04
6.671155530488507733e-04
9.027345862104566216e-05
2.541145413357798590e-04
0.000000000000000000e+00
0.000000000000000000e+00
0.000000000000000000e+00
0.000000000000000000e+00
0.000000000000000000e+00
0.000000000000000000e+00
0.000000000000000000e+00
0.000000000000000000e+00
0.000000000000000000e+00
0.000000000000000000e+00
-1.708936565363315717e-05
-1.829362299245654148e-05
-1.613476298000957068e-05
-1.674246976413300896e-05
-1.487620639588799333e-05
-1.595432332346534199e-05
-1.418706529494178774e-05
-1.798524095869101361e-05
-1.468097764346129332e-05
-1.627344727118597113e-05
-1.185105301761228545e-05
-1.186427492488342503e-05
-1.297451723409992753e-05
-1.230288094781024800e-05
-1.163521396121025659e-05
-1.087517260580973143e-05
-1.357318181168294244e-05
-1.279700544324699310e-05
-1.210774231771770225e-05
-1.309759142872706471e-05
0.000000000000000000e+00
0.000000000000000000e+00
0.000000000000000000e+00
0.000000000000000000e+00
0.000000000000000000e+00
0.000000000000000000e+00
0.000000000000000000e+00
0.000000000000000000e+00
0.000000000000000000e+00
0.000000000000000000e+00
0.000000000000000000e+00
0.000000000000000000e+00
0.000000000000000000e+00
-0.000000000000000000e+00
-0.000000000000000000e+00
0.000000000000000000e+00
-0.000000000000000000e+00
0.000000000000000000e+00
-0.000000000000000000e+00
-0.000000000000000000e+00
0.000000000000000000e+00
0.000000000000000000e+00
-0.000000000000000000e+00
0.000000000000000000e+00
0.000000000000000000e+00
0.000000000000000000e+00
0.000000000000000000e+00
0.000000000000000000e+00
0.000000000000000000e+00
0.000000000000000000e+00
-1.020852277906570806e-05
3.868935025936405749e-06
-2.725028716332799649e-05
1.824135181961510790e-05
-1.558206436152343255e-05
1.026567698214602209e-05
2.457695435657376862e-05
1.837440337173435580e-06
6.740933641467871007e-06
-2.316275001007883600e-05
0.000000000000000000e+00
-0.000000000000000000e+00
-0.000000000000000000e+00
0.000000000000000000e+00
-0.000000000000000000e+00
-0.000000000000000000e+00
-0.000000000000000000e+00
0.000000000000000000e+00
0.000000000000000000e+00
0.000000000000000000e+00
-0.000000000000000000e+00
-0.000000000000000000e+00
-0.000000000000000000e+00
-0.000000000000000000e+00
-0.000000000000000000e+00
-0.000000000000000000e+00
-0.000000000000000000e+00
-0.000000000000000000e+00
-0.000000000000000000e+00
-0.000000000000000000e+00
-0.000000000000000000e+00
-0.000000000000000000e+00
-0.000000000000000000e+00
-0.000000000000000000e+00
-0.000000000000000000e+00
-0.000000000000000000e+00
-0.000000000000000000e+00
-0.000000000000000000e+00
-0.000000000000000000e+00
-0.000000000000000000e+00
0.000000000000000000e+00
-0.000000000000000000e+00
-0.000000000000000000e+00
-0.000000000000000000e+00
-0.000000000000000000e+00
-0.000000000000000000e+00
-0.000000000000000000e+00
-0.000000000000000000e+00
-0.000000000000000000e+00
-0.000000000000000000e+00
3.267900188255845714e-04
1.767413013955938740e-04
5.097364489038615654e-04
2.410785673159170474e-04
4.216911570317523187e-04
-3.304681565823704365e-04
3.026378811774414757e-04
2.660084196164396635e-04
2.701178240777457151e-04
1.369537421136124661e-04
-5.968217383069553779e-04
-5.994383634272385962e-04
-4.641281295721108656e-04
-4.088097231990194371e-04
-4.667328470710398604e-04
-5.019019916896772264e-04
-3.941834179550673554e-04
-4.759044980933262712e-04
-5.124406021976805762e-04
-3.710380439989192751e-04
8.704588473349407713e-04
-1.141968230681026731e-03
-1.066339595964480351e-05
-2.823327454058363866e-04
5.462576756058571455e-04
9.169817938945359751e-05
2.498366413294894313e-04
-4.230522525483100516e-04
-3.990166128303396188e-04
6.045418874792127294e-04
-6.313334396497854984e-05
7.728526809157231989e-04
-4.947509472125092385e-04
-1.311702288915172696e-03
1.507202272348458964e-04
1.820670510553562896e-03
-6.016179922588317779e-04
-2.876166718925261215e-03
-2.426796417944564860e-04
2.883494816342811826e-03
