0.000000000000000000e+00
0.000000000000000000e+00
0.000000000000000000e+00
0.000000000000000000e+00
0.000000000000000000e+00
0.000000000000000000e+00
0.000000000000000000e+00
0.000000000000000000e+00
0.000000000000000000e+00
0.000000000000000000e+00
-0.000000000000000000e+00
0.000000000000000000e+00
-0.000000000000000000e+00
0.000000000000000000e+00
-0.000000000000000000e+00
-0.000000000000000000e+00
-0.000000000000000000e+00
-0.000000000000000000e+00
-0.000000000000000000e+00
0.000000000000000000e+00
-0.000000000000000000e+00
-0.000000000000000000e+00
-0.000000000000000000e+00
-0.000000000000000000e+00
-0.000000000000000000e+00
-0.000000000000000000e+00
-0.000000000000000000e+00
-0.000000000000000000e+00
-0.000000000000000000e+00
-0.000000000000000000e+00
-1.685640356106404139e-05
-1.019371603221985677e-05
-4.598777415817902468e-06
-1.072220933513618183e-05
-1.072691292103111101e-05
-1.610358752769793867e-05
-1.788780050360419272e-05
-1.548028144405099802e-05
-1.744902236304467596e-05
-2.099624399484171608e-05
-0.000000000000000000e+00
-0.000000000000000000e+00
-0.000000000000000000e+00
-0.000000000000000000e+00
-0.000000000000000000e+00
-0.000000000000000000e+00
-0.000000000000000000e+00
-0.000000000000000000e+00
-0.000000000000000000e+00
-0.000000000000000000e+00
-0.000000000000000000e+00
-0.000000000000000000e+00
-0.000000000000000000e+00
-0.000000000000000000e+00
-0.000000000000000000e+00
-0.000000000000000000e+00
-0.000000000000000000e+00
-0.000000000000000000e+00
-0.000000000000000000e+00
-0.000000000000000000e+00
-0.000000000000000000e+00
-0.000000000000000000e+00
-0.000000000000000000e+00
-0.000000000000000000e+00
-0.000000000000000000e+00
-0.000000000000000000e+00
-0.000000000000000000e+00
-0.000000000000000000e+00
-0.000000000000000000e+00
-0.000000000000000000e+00
-0.000000000000000000e+00
-0.000000000000000000e+00
-0.000000000000000000e+00
-0.000000000000000000e+00
-0.000000000000000000e+00
-0.000000000000000000e+00
-0.000000000000000000e+00
-0.000000000000000000e+00
-0.000000000000000000e+00
-0.000000000000000000e+00
1.638110388576945219e-04
-1.052810112181441950e-04
6.189013246846659423e-05
3.143380712571467741e-04
-2.598667110811826329e-04
1.659440877865857626e-04
-5.124436725011926791e-06
-7.006316329948799628e-05
-6.241686789337035058e-05
1.616729326910271332e-04
0.000000000000000000e+00
0.000000000000000000e+00
0.000000000000000000e+00
0.000000000000000000e+00
0.000000000000000000e+00
0.000000000000000000e+00
0.000000000000000000e+00
0.000000000000000000e+00
0.000000000000000000e+00
0.000000000000000000e+00
-1.599351322600449835e-05
-1.924659269919895319e-05
-1.389689510838236542e-05
-1.010108273644794046e-05
-1.328707323091358168e-05
-1.524150609295058290e-05
-2.390601549838112375e-05
-1.024773352328792757e-05
-2.517019930553403937e-05
-2.316983097858132295e-05
-1.141076708275743031e-05
7.179210453802751684e-07
-2.453183450541166778e-06
-1.375663523000139404e-05
-7.824645253174796421e-06
-1.360901012010366490e-05
7.944595250991253068e-07
-8.325802658633168227e-06
-2.029428428318335434e-05
1.420271319439553367e-06
0.000000000000000000e+00
0.000000000000000000e+00
0.000000000000000000e+00
0.000000000000000000e+00
0.000000000000000000e+00
0.000000000000000000e+00
0.000000000000000000e+00
0.000000000000000000e+00
0.000000000000000000e+00
0.000000000000000000e+00
0.000000000000000000e+00
0.000000000000000000e+00
0.000000000000000000e+00
-0.000000000000000000e+00
-0.000000000000000000e+00
0.000000000000000000e+00
-0.000000000000000000e+00
0.000000000000000000e+00
-0.000000000000000000e+00
-0.000000000000000000e+00
0.000000000000000000e+00
0.000000000000000000e+00
-0.000000000000000000e+00
0.000000000000000000e+00
0.000000000000000000e+00
0.000000000000000000e+00
0.000000000000000000e+00
0.000000000000000000e+00
0.000000000000000000e+00
0.000000000000000000e+00
-1.189992005210540021e-04
-9.110995179776462476e-05
-2.117721624838035297e-04
-1.907633744612600578e-04
-1.482732588919156720e-04
-3.026501679615842678e-05
-7.216007926229033498e-05
-9.953210102174449932e-05
-1.764494778642486503e-04
-8.414757315097185246e-05
0.000000000000000000e+00
0.000000000000000000e+00
0.000000000000000000e+00
-0.000000000000000000e+00
-0.000000000000000000e+00
-0.000000000000000000e+00
0.000000000000000000e+00
0.000000000000000000e+00
-0.000000000000000000e+00
0.000000000000000000e+00
-0.000000000000000000e+00
-0.000000000000000000e+00
-0.000000000000000000e+00
-0.000000000000000000e+00
-0.000000000000000000e+00
-0.000000000000000000e+00
-0.000000000000000000e+00
-0.000000000000000000e+00
-0.000000000000000000e+00
-0.000000000000000000e+00
-1.327839652284830909e-05
-1.318720962536455134e-05
-1.337615175482036670e-05
-1.200534239748230947e-05
-1.064555772416551335e-05
-1.009179464010650055e-05
-1.207031843363073094e-05
-1.782600430826079810e-05
-9.897995960102178107e-06
-1.439198847561442693e-05
-0.000000000000000000e+00
-0.000000000000000000e+00
0.000000000000000000e+00
-0.000000000000000000e+00
-0.000000000000000000e+00
-0.000000000000000000e+00
0.000000000000000000e+00
0.000000000000000000e+00
-0.000000000000000000e+00
-0.000000000000000000e+00
1.455316659639367606e-04
-1.492562395149528019e-04
7.282946691725398255e-05
7.070224929134744085e-05
2.014989314122592374e-04
1.506857150018604103e-04
1.370029387824943693e-04
9.329089396542723399e-05
2.291389974619022395e-05
7.867275866952318166e-05
-6.319885677830232827e-04
-5.689982197917986149e-04
-6.383984754943944915e-04
-6.254172929013791142e-04
-6.234064368469130956e-04
-5.556182318491323597e-04
-5.795711192662295671e-04
-6.535205118318487046e-04
-5.695628413078992341e-04
-5.332700280570870036e-04
-1.279151547527883944e-04
3.001431835336846178e-05
1.783107839983669239e-04
7.810336462660834962e-04
-6.366078761657783559e-04
-1.649421038191927250e-04
-9.419056959469951709e-04
4.613596385111177838e-04
-8.687815298371061030e-05
5.800871959107264074e-04
1.098171071375583395e-03
1.049505477334804551e-03
-7.581236585707381778e-04
-3.593095378613008384e-04
-2.180297822723693954e-04
1.978755117088343372e-03
1.467660759895565931e-03
-1.212274841068988274e-03
1.399938780282483027e-05
-3.047241673310264760e-03
