0.000000000000000000e+00 -0.000000000000000000e+00 0.000000000000000000e+00 0.000000000000000000e+00 0.000000000000000000e+00 0.000000000000000000e+00 -0.000000000000000000e+00 -0.000000000000000000e+00 0.000000000000000000e+00 0.000000000000000000e+00
0.000000000000000000e+00 -0.000000000000000000e+00 0.000000000000000000e+00 0.000000000000000000e+00 0.000000000000000000e+00 0.000000000000000000e+00 -0.000000000000000000e+00 -0.000000000000000000e+00 0.000000000000000000e+00 0.000000000000000000e+00
0.000000000000000000e+00 -0.000000000000000000e+00 0.000000000000000000e+00 0.000000000000000000e+00 0.000000000000000000e+00 0.000000000000000000e+00 -0.000000000000000000e+00 -0.000000000000000000e+00 0.000000000000000000e+00 0.000000000000000000e+00
0.000000000000000000e+00 -0.000000000000000000e+00 0.000000000000000000e+00 0.000000000000000000e+00 0.000000000000000000e+00 0.000000000000000000e+00 -0.000000000000000000e+00 -0.000000000000000000e+00 0.000000000000000000e+00 0.000000000000000000e+00
0.000000000000000000e+00 -0.000000000000000000e+00 0.000000000000000000e+00 0.000000000000000000e+00 0.000000000000000000e+00 0.000000000000000000e+00 -0.000000000000000000e+00 -0.000000000000000000e+00 0.000000000000000000e+00 0.000000000000000000e+00
0.000000000000000000e+00 -0.000000000000000000e+00 0.000000000000000000e+00 0.000000000000000000e+00 0.000000000000000000e+00 0.000000000000000000e+00 -0.000000000000000000e+00 -0.000000000000000000e+00 0.000000000000000000e+00 0.000000000000000000e+00
0.000000000000000000e+00 -0.000000000000000000e+00 0.000000000000000000e+00 0.000000000000000000e+00 0.000000000000000000e+00 0.000000000000000000e+00 -0.000000000000000000e+00 -0.000000000000000000e+00 0.000000000000000000e+00 0.000000000000000000e+00
0.000000000000000000e+00 -0.000000000000000000e+00 0.000000000000000000e+00 0.000000000000000000e+00 0.000000000000000000e+00 0.000000000000000000e+00 -0.000000000000000000e+00 -0.000000000000000000e+00 0.000000000000000000e+00 0.000000000000000000e+00
0.000000000000000000e+00 -0.000000000000000000e+00 0.000000000000000000e+00 0.000000000000000000e+00 0.000000000000000000e+00 0.000000000000000000e+00 -0.000000000000000000e+00 -0.000000000000000000e+00 0.000000000000000000e+00 0.000000000000000000e+00
0.000000000000000000e+00 -0.000000000000000000e+00 0.000000000000000000e+00 0.000000000000000000e+00 0.000000000000000000e+00 0.000000000000000000e+00 -0.000000000000000000e+00 -0.000000000000000000e+00 0.000000000000000000e+00 0.000000000000000000e+00
0.000000000000000000e+00 -0.000000000000000000e+00 0.000000000000000000e+00 0.000000000000000000e+00 0.000000000000000000e+00 0.000000000000000000e+00 -0.000000000000000000e+00 -0.000000000000000000e+00 0.000000000000000000e+00 0.000000000000000000e+00
0.000000000000000000e+00 -0.000000000000000000e+00 0.000000000000000000e+00 0.000000000000000000e+00 0.000000000000000000e+00 0.000000000000000000e+00 -0.000000000000000000e+00 -0.000000000000000000e+00 0.000000000000000000e+00 0.000000000000000000e+00
-0.000000000000000000e+00 0.000000000000000000e+00 -0.000000000000000000e+00 -0.000000000000000000e+00 -0.000000000000000000e+00 -0.000000000000000000e+00 0.000000000000000000e+00 0.000000000000000000e+00 -0.000000000000000000e+00 -0.000000000000000000e+00
0.000000000000000000e+00 -0.000000000000000000e+00 0.000000000000000000e+00 0.000000000000000000e+00 0.000000000000000000e+00 0.000000000000000000e+00 -0.000000000000000000e+00 -0.000000000000000000e+00 0.000000000000000000e+00 0.000000000000000000e+00
-0.000000000000000000e+00 -0.000000000000000000e+00 0.000000000000000000e+00 0.000000000000000000e+00 -0.000000000000000000e+00 0.000000000000000000e+00 -0.000000000000000000e+00 -0.000000000000000000e+00 0.000000000000000000e+00 0.000000000000000000e+00
-0.000000000000000000e+00 -0.000000000000000000e+00 0.000000000000000000e+00 0.000000000000000000e+00 -0.000000000000000000e+00 -0.000000000000000000e+00 0.000000000000000000e+00 0.000000000000000000e+00 -0.000000000000000000e+00 0.000000000000000000e+00
0.000000000000000000e+00 -0.000000000000000000e+00 0.000000000000000000e+00 0.000000000000000000e+00 0.000000000000000000e+00 0.000000000000000000e+00 -0.000000000000000000e+00 -0.000000000000000000e+00 0.000000000000000000e+00 0.000000000000000000e+00
0.000000000000000000e+00 0.000000000000000000e+00 -0.000000000000000000e+00 -0.000000000000000000e+00 0.000000000000000000e+00 0.000000000000000000e+00 -0.000000000000000000e+00 -0.000000000000000000e+00 0.000000000000000000e+00 0.000000000000000000e+00
-0.000000000000000000e+00 -0.000000000000000000e+00 -0.000000000000000000e+00 -0.000000000000000000e+00 -0.000000000000000000e+00 -0.000000000000000000e+00 0.000000000000000000e+00 0.000000000000000000e+00 -0.000000000000000000e+00 -0.000000000000000000e+00
0.000000000000000000e+00 -0.000000000000000000e+00 0.000000000000000000e+00 0.000000000000000000e+00 0.000000000000000000e+00 0.000000000000000000e+00 -0.000000000000000000e+00 -0.000000000000000000e+00 0.000000000000000000e+00 0.000000000000000000e+00
-0.000000000000000000e+00 0.000000000000000000e+00 -0.000000000000000000e+00 -0.000000000000000000e+00 -0.000000000000000000e+00 -0.000000000000000000e+00 0.000000000000000000e+00 0.000000000000000000e+00 -0.000000000000000000e+00 -0.000000000000000000e+00
-0.000000000000000000e+00 0.000000000000000000e+00 -0.000000000000000000e+00 -0.000000000000000000e+00 -0.000000000000000000e+00 -0.000000000000000000e+00 0.000000000000000000e+00 0.000000000000000000e+00 -0.000000000000000000e+00 -0.000000000000000000e+00
-0.000000000000000000e+00 0.000000000000000000e+00 -0.000000000000000000e+00 -0.000000000000000000e+00 -0.000000000000000000e+00 -0.000000000000000000e+00 0.000000000000000000e+00 0.000000000000000000e+00 -0.000000000000000000e+00 -0.000000000000000000e+00
-0.000000000000000000e+00 0.000000000000000000e+00 -0.000000000000000000e+00 -0.000000000000000000e+00 -0.000000000000000000e+00 -0.000000000000000000e+00 0.000000000000000000e+00 0.000000000000000000e+00 -0.000000000000000000e+00 -0.000000000000000000e+00
-0.000000000000000000e+00 0.000000000000000000e+00 -0.000000000000000000e+00 -0.000000000000000000e+00 -0.000000000000000000e+00 -0.000000000000000000e+00 0.000000000000000000e+00 0.000000000000000000e+00 -0.000000000000000000e+00 -0.000000000000000000e+00
-0.000000000000000000e+00 0.000000000000000000e+00 -0.000000000000000000e+00 -0.000000000000000000e+00 -0.000000000000000000e+00 -0.000000000000000000e+00 0.000000000000000000e+00 0.000000000000000000e+00 -0.000000000000000000e+00 -0.000000000000000000e+00
-0.000000000000000000e+00 0.000000000000000000e+00 -0.000000000000000000e+00 -0.000000000000000000e+00 -0.000000000000000000e+00 -0.000000000000000000e+00 0.000000000000000000e+00 0.000000000000000000e+00 -0.000000000000000000e+00 -0.000000000000000000e+00
-0.000000000000000000e+00 0.000000000000000000e+00 -0.000000000000000000e+00 -0.000000000000000000e+00 -0.000000000000000000e+00 -0.000000000000000000e+00 0.000000000000000000e+00 0.000000000000000000e+00 -0.000000000000000000e+00 -0.000000000000000000e+00
-0.000000000000000000e+00 -0.000000000000000000e+00 -0.000000000000000000e+00 -0.000000000000000000e+00 -0.000000000000000000e+00 -0.000000000000000000e+00 0.000000000000000000e+00 0.000000000000000000e+00 -0.000000000000000000e+00 -0.000000000000000000e+00
-0.000000000000000000e+00 0.000000000000000000e+00 -0.000000000000000000e+00 -0.000000000000000000e+00 -0.000000000000000000e+00 -0.000000000000000000e+00 0.000000000000000000e+00 0.000000000000000000e+00 -0.000000000000000000e+00 -0.000000000000000000e+00
-0.000000000000000000e+00 0.000000000000000000e+00 -0.000000000000000000e+00 -0.000000000000000000e+00 -0.000000000000000000e+00 -0.000000000000000000e+00 0.000000000000000000e+00 0.000000000000000000e+00 -0.000000000000000000e+00 -0.000000000000000000e+00
-0.000000000000000000e+00 0.000000000000000000e+00 -0.000000000000000000e+00 -0.000000000000000000e+00 -0.000000000000000000e+00 -0.000000000000000000e+00 0.000000000000000000e+00 0.000000000000000000e+00 -0.000000000000000000e+00 -0.000000000000000000e+00
-0.000000000000000000e+00 0.000000000000000000e+00 -0.000000000000000000e+00 -0.000000000000000000e+00 -0.000000000000000000e+00 -0.000000000000000000e+00 0.000000000000000000e+00 0.000000000000000000e+00 -0.000000000000000000e+00 -0.000000000000000000e+00
-0.000000000000000000e+00 0.000000000000000000e+00 -0.000000000000000000e+00 -0.000000000000000000e+00 -0.000000000000000000e+00 -0.000000000000000000e+00 0.000000000000000000e+00 0.000000000000000000e+00 -0.000000000000000000e+00 -0.000000000000000000e+00
-0.000000000000000000e+00 -0.000000000000000000e+00 -0.000000000000000000e+00 -0.000000000000000000e+00 -0.000000000000000000e+00 -0.000000000000000000e+00 0.000000000000000000e+00 0.000000000000000000e+00 -0.000000000000000000e+00 -0.000000000000000000e+00
-0.000000000000000000e+00 0.000000000000000000e+00 -0.000000000000000000e+00 -0.000000000000000000e+00 -0.000000000000000000e+00 -0.000000000000000000e+00 0.000000000000000000e+00 0.000000000000000000e+00 -0.000000000000000000e+00 -0.000000000000000000e+00
-0.000000000000000000e+00 -0.000000000000000000e+00 -0.000000000000000000e+00 -0.000000000000000000e+00 -0.000000000000000000e+00 -0.000000000000000000e+00 0.000000000000000000e+00 0.000000000000000000e+00 -0.000000000000000000e+00 -0.000000000000000000e+00
-0.000000000000000000e+00 0.000000000000000000e+00 -0.000000000000000000e+00 -0.000000000000000000e+00 -0.000000000000000000e+00 -0.000000000000000000e+00 0.000000000000000000e+00 0.000000000000000000e+00 -0.000000000000000000e+00 -0.000000000000000000e+00
-0.000000000000000000e+00 0.000000000000000000e+00 -0.000000000000000000e+00 -0.000000000000000000e+00 -0.000000000000000000e+00 -0.000000000000000000e+00 0.000000000000000000e+00 0.000000000000000000e+00 -0.000000000000000000e+00 -0.000000000000000000e+00
-0.000000000000000000e+00 0.000000000000000000e+00 -0.000000000000000000e+00 -0.000000000000000000e+00 -0.000000000000000000e+00 -0.000000000000000000e+00 0.000000000000000000e+00 0.000000000000000000e+00 -0.000000000000000000e+00 -0.000000000000000000e+00
-0.000000000000000000e+00 0.000000000000000000e+00 -0.000000000000000000e+00 -0.000000000000000000e+00 -0.000000000000000000e+00 -0.000000000000000000e+00 0.000000000000000000e+00 0.000000000000000000e+00 -0.000000000000000000e+00 -0.000000000000000000e+00
-0.000000000000000000e+00 0.000000000000000000e+00 -0.000000000000000000e+00 -0.000000000000000000e+00 -0.000000000000000000e+00 -0.000000000000000000e+00 0.000000000000000000e+00 0.000000000000000000e+00 -0.000000000000000000e+00 -0.000000000000000000e+00
-0.000000000000000000e+00 0.000000000000000000e+00 -0.000000000000000000e+00 -0.000000000000000000e+00 -0.000000000000000000e+00 -0.000000000000000000e+00 0.000000000000000000e+00 0.000000000000000000e+00 -0.000000000000000000e+00 -0.000000000000000000e+00
-0.000000000000000000e+00 0.000000000000000000e+00 -0.000000000000000000e+00 -0.000000000000000000e+00 -0.000000000000000000e+00 -0.000000000000000000e+00 0.000000000000000000e+00 0.000000000000000000e+00 -0.000000000000000000e+00 -0.000000000000000000e+00
-0.000000000000000000e+00 0.000000000000000000e+00 -0.000000000000000000e+00 -0.000000000000000000e+00 -0.000000000000000000e+00 -0.000000000000000000e+00 0.000000000000000000e+00 0.000000000000000000e+00 -0.000000000000000000e+00 -0.000000000000000000e+00
-0.000000000000000000e+00 0.000000000000000000e+00 -0.000000000000000000e+00 -0.000000000000000000e+00 -0.000000000000000000e+00 -0.000000000000000000e+00 0.000000000000000000e+00 0.000000000000000000e+00 -0.000000000000000000e+00 -0.000000000000000000e+00
-0.000000000000000000e+00 0.000000000000000000e+00 -0.000000000000000000e+00 -0.000000000000000000e+00 -0.000000000000000000e+00 -0.000000000000000000e+00 0.000000000000000000e+00 0.000000000000000000e+00 -0.000000000000000000e+00 -0.000000000000000000e+00
-0.000000000000000000e+00 0.000000000000000000e+00 -0.000000000000000000e+00 -0.000000000000000000e+00 -0.000000000000000000e+00 -0.000000000000000000e+00 0.000000000000000000e+00 0.000000000000000000e+00 -0.000000000000000000e+00 -0.000000000000000000e+00
-0.000000000000000000e+00 0.000000000000000000e+00 -0.000000000000000000e+00 -0.000000000000000000e+00 -0.000000000000000000e+00 -0.000000000000000000e+00 0.000000000000000000e+00 0.000000000000000000e+00 -0.000000000000000000e+00 -0.000000000000000000e+00
-0.000000000000000000e+00 0.000000000000000000e+00 -0.000000000000000000e+00 -0.000000000000000000e+00 -0.000000000000000000e+00 -0.000000000000000000e+00 0.000000000000000000e+00 0.000000000000000000e+00 -0.000000000000000000e+00 -0.000000000000000000e+00
-0.000000000000000000e+00 0.000000000000000000e+00 -0.000000000000000000e+00 -0.000000000000000000e+00 -0.000000000000000000e+00 -0.000000000000000000e+00 0.000000000000000000e+00 0.000000000000000000e+00 -0.000000000000000000e+00 -0.000000000000000000e+00
-0.000000000000000000e+00 0.000000000000000000e+00 -0.000000000000000000e+00 -0.000000000000000000e+00 -0.000000000000000000e+00 -0.000000000000000000e+00 0.000000000000000000e+00 0.000000000000000000e+00 -0.000000000000000000e+00 -0.000000000000000000e+00
-0.000000000000000000e+00 0.000000000000000000e+00 -0.000000000000000000e+00 -0.000000000000000000e+00 -0.000000000000000000e+00 -0.000000000000000000e+00 0.000000000000000000e+00 0.000000000000000000e+00 -0.000000000000000000e+00 -0.000000000000000000e+00
-0.000000000000000000e+00 0.000000000000000000e+00 -0.000000000000000000e+00 -0.000000000000000000e+00 -0.000000000000000000e+00 -0.000000000000000000e+00 0.000000000000000000e+00 0.000000000000000000e+00 -0.000000000000000000e+00 -0.000000000000000000e+00
-0.000000000000000000e+00 0.000000000000000000e+00 -0.000000000000000000e+00 -0.000000000000000000e+00 -0.000000000000000000e+00 -0.000000000000000000e+00 0.000000000000000000e+00 0.000000000000000000e+00 -0.000000000000000000e+00 -0.000000000000000000e+00
-0.000000000000000000e+00 0.000000000000000000e+00 -0.000000000000000000e+00 -0.000000000000000000e+00 -0.000000000000000000e+00 -0.000000000000000000e+00 0.000000000000000000e+00 0.000000000000000000e+00 -0.000000000000000000e+00 -0.000000000000000000e+00
-0.000000000000000000e+00 0.000000000000000000e+00 -0.000000000000000000e+00 -0.000000000000000000e+00 -0.000000000000000000e+00 -0.000000000000000000e+00 0.000000000000000000e+00 0.000000000000000000e+00 -0.000000000000000000e+00 -0.000000000000000000e+00
-0.000000000000000000e+00 0.000000000000000000e+00 -0.000000000000000000e+00 -0.000000000000000000e+00 -0.000000000000000000e+00 -0.000000000000000000e+00 0.000000000000000000e+00 0.000000000000000000e+00 -0.000000000000000000e+00 -0.000000000000000000e+00
-0.000000000000000000e+00 0.000000000000000000e+00 -0.000000000000000000e+00 -0.000000000000000000e+00 -0.000000000000000000e+00 -0.000000000000000000e+00 0.000000000000000000e+00 0.000000000000000000e+00 -0.000000000000000000e+00 -0.000000000000000000e+00
-0.000000000000000000e+00 0.000000000000000000e+00 -0.000000000000000000e+00 -0.000000000000000000e+00 -0.000000000000000000e+00 -0.000000000000000000e+00 0.000000000000000000e+00 0.000000000000000000e+00 -0.000000000000000000e+00 -0.000000000000000000e+00
-0.000000000000000000e+00 0.000000000000000000e+00 -0.000000000000000000e+00 -0.000000000000000000e+00 -0.000000000000000000e+00 -0.000000000000000000e+00 0.000000000000000000e+00 0.000000000000000000e+00 -0.000000000000000000e+00 -0.000000000000000000e+00
-0.000000000000000000e+00 -0.000000000000000000e+00 -0.000000000000000000e+00 -0.000000000000000000e+00 -0.000000000000000000e+00 -0.000000000000000000e+00 0.000000000000000000e+00 0.000000000000000000e+00 -0.000000000000000000e+00 -0.000000000000000000e+00
-0.000000000000000000e+00 0.000000000000000000e+00 -0.000000000000000000e+00 -0.000000000000000000e+00 -0.000000000000000000e+00 -0.000000000000000000e+00 0.000000000000000000e+00 0.000000000000000000e+00 -0.000000000000000000e+00 -0.000000000000000000e+00
-0.000000000000000000e+00 0.000000000000000000e+00 -0.000000000000000000e+00 -0.000000000000000000e+00 -0.000000000000000000e+00 -0.000000000000000000e+00 0.000000000000000000e+00 0.000000000000000000e+00 -0.000000000000000000e+00 -0.000000000000000000e+00
-0.000000000000000000e+00 0.000000000000000000e+00 -0.000000000000000000e+00 -0.000000000000000000e+00 -0.000000000000000000e+00 -0.000000000000000000e+00 0.000000000000000000e+00 0.000000000000000000e+00 -0.000000000000000000e+00 -0.000000000000000000e+00
-0.000000000000000000e+00 0.000000000000000000e+00 -0.000000000000000000e+00 -0.000000000000000000e+00 -0.000000000000000000e+00 -0.000000000000000000e+00 0.000000000000000000e+00 0.000000000000000000e+00 -0.000000000000000000e+00 -0.000000000000000000e+00
-0.000000000000000000e+00 0.000000000000000000e+00 -0.000000000000000000e+00 -0.000000000000000000e+00 -0.000000000000000000e+00 -0.000000000000000000e+00 0.000000000000000000e+00 0.000000000000000000e+00 -0.000000000000000000e+00 -0.000000000000000000e+00
-0.000000000000000000e+00 0.000000000000000000e+00 -0.000000000000000000e+00 -0.000000000000000000e+00 -0.000000000000000000e+00 -0.000000000000000000e+00 0.000000000000000000e+00 0.000000000000000000e+00 -0.000000000000000000e+00 -0.000000000000000000e+00
-0.000000000000000000e+00 0.000000000000000000e+00 -0.000000000000000000e+00 -0.000000000000000000e+00 -0.000000000000000000e+00 -0.000000000000000000e+00 0.000000000000000000e+00 0.000000000000000000e+00 -0.000000000000000000e+00 -0.000000000000000000e+00
-0.000000000000000000e+00 0.000000000000000000e+00 -0.000000000000000000e+00 -0.000000000000000000e+00 -0.000000000000000000e+00 -0.000000000000000000e+00 0.000000000000000000e+00 0.000000000000000000e+00 -0.000000000000000000e+00 -0.000000000000000000e+00
-0.000000000000000000e+00 0.000000000000000000e+00 -0.000000000000000000e+00 -0.000000000000000000e+00 -0.000000000000000000e+00 -0.000000000000000000e+00 0.000000000000000000e+00 0.000000000000000000e+00 -0.000000000000000000e+00 -0.000000000000000000e+00
-0.000000000000000000e+00 0.000000000000000000e+00 -0.000000000000000000e+00 -0.000000000000000000e+00 -0.000000000000000000e+00 -0.000000000000000000e+00 0.000000000000000000e+00 0.000000000000000000e+00 -0.000000000000000000e+00 -0.000000000000000000e+00
-0.000000000000000000e+00 0.000000000000000000e+00 -0.000000000000000000e+00 -0.000000000000000000e+00 -0.000000000000000000e+00 -0.000000000000000000e+00 0.000000000000000000e+00 0.000000000000000000e+00 -0.000000000000000000e+00 -0.000000000000000000e+00
-0.000000000000000000e+00 0.000000000000000000e+00 -0.000000000000000000e+00 -0.000000000000000000e+00 -0.000000000000000000e+00 -0.000000000000000000e+00 0.000000000000000000e+00 0.000000000000000000e+00 -0.000000000000000000e+00 -0.000000000000000000e+00
-0.000000000000000000e+00 0.000000000000000000e+00 -0.000000000000000000e+00 -0.000000000000000000e+00 -0.000000000000000000e+00 -0.000000000000000000e+00 0.000000000000000000e+00 0.000000000000000000e+00 -0.000000000000000000e+00 -0.000000000000000000e+00
-0.000000000000000000e+00 0.000000000000000000e+00 -0.000000000000000000e+00 -0.000000000000000000e+00 -0.000000000000000000e+00 -0.000000000000000000e+00 0.000000000000000000e+00 0.000000000000000000e+00 -0.000000000000000000e+00 -0.000000000000000000e+00
-0.000000000000000000e+00 0.000000000000000000e+00 -0.000000000000000000e+00 -0.000000000000000000e+00 -0.000000000000000000e+00 -0.000000000000000000e+00 0.000000000000000000e+00 0.000000000000000000e+00 -0.000000000000000000e+00 -0.000000000000000000e+00
-0.000000000000000000e+00 0.000000000000000000e+00 -0.000000000000000000e+00 -0.000000000000000000e+00 -0.000000000000000000e+00 -0.000000000000000000e+00 0.000000000000000000e+00 0.000000000000000000e+00 -0.000000000000000000e+00 -0.000000000000000000e+00
-0.000000000000000000e+00 0.000000000000000000e+00 -0.000000000000000000e+00 -0.000000000000000000e+00 -0.000000000000000000e+00 -0.000000000000000000e+00 0.000000000000000000e+00 0.000000000000000000e+00 -0.000000000000000000e+00 -0.000000000000000000e+00
-0.000000000000000000e+00 0.000000000000000000e+00 -0.000000000000000000e+00 -0.000000000000000000e+00 -0.000000000000000000e+00 -0.000000000000000000e+00 0.000000000000000000e+00 0.000000000000000000e+00 -0.000000000000000000e+00 -0.000000000000000000e+00
-6.130377050939733936e-05 2.774188397838889866e-05 1.350048890967738078e-05 -8.093511211587532336e-06 -6.893278582973897805e-05 1.245341777907558527e-05 9.526215082052395409e-05 9.055996025064532719e-05 -8.619642655860475214e-06 -7.561886284169894671e-06
-1.421159699874173499e-04 5.693238409318391750e-05 4.325107234100580167e-05 5.475764465078767100e-05 -1.196756668781187485e-04 -5.615026410641111432e-05 6.291043003541585226e-05 1.674501162849448938e-04 -1.115133880390445825e-04 2.438946466835581500e-05
-3.805724451880412941e-06 7.455538806837177268e-06 7.992343740623329394e-06 4.586084871398828729e-05 -1.013801626954124453e-05 1.619891742760519809e-05 3.402603458577045480e-05 6.205892544168797116e-05 3.078446953023133401e-05 2.885162920552648941e-05
-3.670882155714496134e-05 2.670512634151252446e-05 7.115552311543656681e-05 8.011955196264796103e-05 -4.331581957460794226e-05 1.872203648662435822e-05 1.080850188432253939e-04 1.151205703227837053e-04 -4.899363560341484723e-05 6.113552109201729056e-05
7.456672246797013725e-05 5.459634646125985878e-05 2.873439785914950860e-05 1.385973847152716954e-05 1.994802088152501399e-05 -9.823911179588573631e-06 -5.574179585696906402e-06 3.488929546821036817e-05 5.234507551664878254e-05 -2.426587130131789148e-05
1.486163547876001654e-04 8.396188408266973410e-05 3.714334243026574278e-05 9.334146372378388629e-05 1.823044708429823278e-04 1.170582325116091039e-04 2.190614800545870875e-05 -2.929629348966261839e-05 1.251325673565103179e-04 1.125851741162295794e-04
4.746377947290708713e-05 8.326221007894466788e-05 6.033941537884733873e-05 7.894962598330374556e-05 5.823306694467568349e-05 7.725097693082648507e-05 8.139331067314321518e-05 7.983348375850200966e-06 9.647154238386643557e-05 6.367875791429951306e-05
1.946289740862270647e-04 5.992605869363555886e-05 3.198909454995802696e-05 3.274946518983543818e-05 1.262543367492153330e-04 9.204161178063246910e-05 1.223349326766194533e-05 -5.531716644012122627e-05 9.761266614791241187e-05 1.215049285324340544e-04
6.902555955149129328e-05 6.542731446496454807e-05 2.386690970725391833e-05 2.100650381846458703e-05 1.102989573919599880e-04 7.136078146791072154e-05 2.413601069738161373e-05 1.607287842597778166e-05 4.669548292626589094e-05 2.762590855430251905e-05
5.870304202712746183e-05 2.256870708233501643e-05 1.145352658849109954e-05 7.055006578386391846e-05 3.502873358464948496e-05 4.715839808834817255e-05 6.567352324306141915e-07 2.865897834624922121e-05 7.043418587249000370e-05 5.984512859100085624e-06
1.782679936698270028e-05 1.140326760162791341e-05 -4.892716014980145485e-06 -1.076408828920290523e-06 1.849957282863054148e-05 1.277144808430374322e-05 -8.260528868030671959e-06 -1.738411120140637126e-05 2.481546011596560410e-05 8.373042010405588867e-06
2.650123925793289927e-05 1.170001629405730668e-05 -7.480205046325365538e-06 3.634137101083118789e-06 2.818722437333991463e-05 -4.381800035611098104e-07 -1.912167391631391640e-05 -2.226360914117120292e-05 1.865490257815464252e-05 4.123605523947836244e-06
2.030727721038006503e-05 1.426363476157818162e-05 3.363209457727944079e-06 -6.202904869839728265e-06 2.570170482379966278e-05 1.001334127771190158e-05 -4.251036376651858203e-06 -5.600135287360346200e-06 2.189073307235629934e-05 -3.747123383065465796e-06
2.261433858366376841e-05 -2.178761673312987134e-06 7.909437679511348730e-06 -9.578788060146424868e-06 2.337427072385344051e-05 2.053255528475719043e-06 -1.752422005304954769e-06 -1.936737627884626637e-05 1.442169978892129317e-05 -3.054265869824573752e-06
3.179914653769380883e-05 3.003629917272912242e-06 6.026485025729919650e-06 2.885392743164783459e-06 2.436767277304454873e-05 1.482834377705057788e-05 -8.754130565847106200e-06 -1.226034166418221087e-05 1.059985848921036362e-05 7.565578498954800702e-06
2.349606575377811071e-05 2.093619072988452190e-06 -5.928123174472214555e-06 -2.668671463874309837e-06 2.553727858907800454e-05 1.339106304560232268e-05 -1.594818016308332875e-05 -2.120466015171990220e-05 2.811358937262482111e-05 -2.953871735815770086e-06
1.957127558458604820e-05 6.428063544479370906e-06 6.505051756826156652e-06 1.938709822381266910e-06 1.699446510906147431e-05 5.283292614543895508e-06 -1.127659592133630139e-05 -5.033342557177335509e-06 1.900189715528246100e-05 2.708315455494918200e-06
3.063047206155712431e-05 -2.161525985295368966e-06 -4.347184265242675422e-06 -3.490770788863088049e-06 2.294126565782239307e-05 1.112720094182288052e-05 -1.561817821255297273e-05 -6.352921377800696564e-06 2.028516739266811975e-05 8.813672529547077170e-06
2.329675338514477156e-05 1.195900427152478870e-06 9.099000047715379359e-07 -1.054132300723087271e-05 2.438386797883287151e-05 1.413371356962568320e-05 -1.501999962679695837e-05 -8.545512163077390792e-06 2.652275121023259041e-05 7.712468321903025450e-07
2.021512602031618020e-05 6.248255013369155735e-06 -5.141688896306630795e-06 -9.939967545369211521e-06 2.380171130346221776e-05 8.193315984237649002e-06 -1.699920659697754338e-05 -1.194931450976620578e-05 1.219095556102915306e-05 4.947009626511798700e-06
9.136173269491624908e-06 2.110222181190712801e-05 -7.695774142331481772e-06 -2.516198645941717806e-05 7.697709948189296713e-06 1.045300028641247264e-07 -7.818959778409310261e-07 5.680126076325062639e-06 -2.317349531115229966e-06 -1.311968494417390979e-05
1.544462661071513475e-05 3.060296015425670942e-05 -1.264288092590408893e-05 -3.893574465218240384e-05 1.364803586981680659e-05 3.656758540269420382e-08 -4.194849485010186302e-06 5.387275168746755884e-06 -1.818640569727943646e-06 -2.022915547333712838e-05
1.299448375148449256e-05 3.193213142571732635e-05 -1.334811182731285666e-05 -4.097766973984994112e-05 1.114965740608815244e-05 -1.299787861749841360e-06 -3.080136515372030802e-06 7.878565956390535559e-06 -4.549966753466898588e-06 -2.197217202926248403e-05
1.381169367835557806e-05 2.983879134911260323e-05 -1.221117851329202600e-05 -3.778474591657264532e-05 1.202555142451601128e-05 -3.827809486373946634e-07 -3.329055536457775237e-06 6.301696316310670435e-06 -2.811491857427498479e-06 -1.985524753696838284e-05
1.504079915943019032e-05 3.014984368498029941e-05 -1.245679190368329964e-05 -3.830825025776340531e-05 1.324638659767310438e-05 8.140162896645570275e-09 -3.995208343369863471e-06 5.466538867679007603e-06 -1.957268765163233383e-06 -1.993864253200966179e-05
1.371057321573937972e-05 2.969242501868874409e-05 -1.223108501207164198e-05 -3.755248567515558539e-05 1.191885742869235761e-05 -2.867012957243080166e-07 -3.325028735543409414e-06 6.424357259331310081e-06 -2.764026838183109756e-06 -1.974334078339042941e-05
1.419589643165964488e-05 2.730284553983037589e-05 -1.099230288402507351e-05 -3.412552626828387764e-05 1.247556052990062716e-05 4.215723495055719765e-07 -3.492725078675921864e-06 4.771090908670820866e-06 -1.262322461715409133e-06 -1.758865576720684460e-05
1.582648394773047900e-05 3.409189859607992694e-05 -1.466721578269278720e-05 -4.437195803297289858e-05 1.393134572441145153e-05 -8.358603578811019819e-07 -4.706287122120830759e-06 6.663519797936590958e-06 -3.298467491655604533e-06 -2.347792756612933555e-05
1.314966794887969269e-05 2.737260823298737412e-05 -1.091772887151290969e-05 -3.418569485820728093e-05 1.144840714204568834e-05 -1.479125830792024230e-08 -2.922858159272102929e-06 5.579110960827162854e-06 -2.148494102532980071e-06 -1.781169155333629011e-05
1.253382830227932153e-05 3.144087202881689014e-05 -1.314138217642519425e-05 -4.024330718438861063e-05 1.068704957626780362e-05 -1.299743813242494764e-06 -2.852939496384733747e-06 8.074459393334470358e-06 -4.676841336234245133e-06 -2.162267310185723147e-05
5.273807567566394245e-06 -4.784442120154502149e-05 2.290586762194513938e-05 6.402505566243299386e-05 6.983871854894243947e-06 1.267922125447761128e-05 -6.866623150275978526e-06 -3.117291505792879538e-05 2.786028508423402545e-05 3.935761956106163692e-05
4.936051630929552732e-06 -4.519152593777529310e-05 1.934273440584536056e-05 6.099384517821429059e-05 8.367824808065102052e-06 1.193912417049786053e-05 -7.363128229822926051e-06 -2.963349576356796026e-05 2.554133688602882359e-05 3.698286400005905118e-05
5.995802220935304211e-06 -5.517931211666164611e-05 2.335699713023387905e-05 7.317514891885075132e-05 7.802080796899885708e-06 1.610396836800094775e-05 -7.428166787640327468e-06 -3.446467134846315037e-05 3.116678901400132357e-05 4.703273239856499248e-05
4.603006857344991870e-06 -5.621533218495348397e-05 2.501315963713199704e-05 7.823731652629542532e-05 7.969754271834591033e-06 1.681327616969033342e-05 -6.788414802362261803e-06 -3.620590357749992120e-05 3.339955226032312823e-05 4.740471107362948455e-05
3.449765640995151342e-06 -4.614694212235608966e-05 1.910655567753434756e-05 5.975924561694219184e-05 7.079899823405711485e-06 1.017358540394386404e-05 -6.176604412310952349e-06 -3.026434079407705759e-05 2.778095812520247655e-05 3.711905808376456556e-05
3.607950707828943323e-06 -4.848445354774249963e-05 2.058650520431260428e-05 6.244519779494748341e-05 8.905085787067337305e-06 1.234421959660476950e-05 -6.731778501615049589e-06 -3.028034314451322936e-05 2.839194358669122075e-05 3.951111550275326461e-05
2.095631885914544690e-06 -4.281284646481470707e-05 1.840963746714319215e-05 5.569548693930165295e-05 5.564038667295081061e-06 9.231842208515068105e-06 -5.898553930943055259e-06 -2.679043664188912838e-05 2.340225269375317046e-05 3.378611258628712690e-05
1.949698098594026142e-06 -4.419047453396979903e-05 1.888032354014781037e-05 5.941520802972873733e-05 5.156499294713800459e-06 1.017331411940950373e-05 -6.485104745727312169e-06 -2.883560437817868932e-05 2.490795973265032335e-05 3.598523407844467871e-05
2.551235716079119857e-06 -4.620601313267760099e-05 2.139722009391981322e-05 6.050283275011320163e-05 5.011079855144253582e-06 9.906135165768612400e-06 -5.543004713034300348e-06 -2.917773688274913704e-05 2.670422954180763021e-05 3.781517801670106709e-05
4.929702847176525321e-06 -4.925229425709643389e-05 2.294123002858029626e-05 6.524822098388681154e-05 8.202201317806614671e-06 1.138017073965521022e-05 -5.594007198132318612e-06 -3.050126122272323636e-05 2.945777076325845027e-05 4.025235521888435001e-05
-0.000000000000000000e+00 -0.000000000000000000e+00 0.000000000000000000e+00 0.000000000000000000e+00 0.000000000000000000e+00 0.000000000000000000e+00 -0.000000000000000000e+00 -0.000000000000000000e+00 0.000000000000000000e+00 0.000000000000000000e+00
-0.000000000000000000e+00 -0.000000000000000000e+00 0.000000000000000000e+00 0.000000000000000000e+00 0.000000000000000000e+00 0.000000000000000000e+00 -0.000000000000000000e+00 -0.000000000000000000e+00 0.000000000000000000e+00 0.000000000000000000e+00
0.000000000000000000e+00 -0.000000000000000000e+00 0.000000000000000000e+00 0.000000000000000000e+00 0.000000000000000000e+00 0.000000000000000000e+00 -0.000000000000000000e+00 -0.000000000000000000e+00 0.000000000000000000e+00 0.000000000000000000e+00
-0.000000000000000000e+00 -0.000000000000000000e+00 0.000000000000000000e+00 0.000000000000000000e+00 0.000000000000000000e+00 0.000000000000000000e+00 -0.000000000000000000e+00 -0.000000000000000000e+00 0.000000000000000000e+00 0.000000000000000000e+00
-0.000000000000000000e+00 -0.000000000000000000e+00 0.000000000000000000e+00 0.000000000000000000e+00 -0.000000000000000000e+00 0.000000000000000000e+00 -0.000000000000000000e+00 -0.000000000000000000e+00 0.000000000000000000e+00 0.000000000000000000e+00
-0.000000000000000000e+00 -0.000000000000000000e+00 0.000000000000000000e+00 0.000000000000000000e+00 0.000000000000000000e+00 0.000000000000000000e+00 -0.000000000000000000e+00 -0.000000000000000000e+00 0.000000000000000000e+00 0.000000000000000000e+00
-0.000000000000000000e+00 -0.000000000000000000e+00 0.000000000000000000e+00 0.000000000000000000e+00 0.000000000000000000e+00 0.000000000000000000e+00 -0.000000000000000000e+00 -0.000000000000000000e+00 0.000000000000000000e+00 0.000000000000000000e+00
-0.000000000000000000e+00 -0.000000000000000000e+00 0.000000000000000000e+00 0.000000000000000000e+00 -0.000000000000000000e+00 0.000000000000000000e+00 -0.000000000000000000e+00 -0.000000000000000000e+00 0.000000000000000000e+00 0.000000000000000000e+00
0.000000000000000000e+00 -0.000000000000000000e+00 0.000000000000000000e+00 0.000000000000000000e+00 0.000000000000000000e+00 0.000000000000000000e+00 -0.000000000000000000e+00 -0.000000000000000000e+00 0.000000000000000000e+00 0.000000000000000000e+00
-0.000000000000000000e+00 -0.000000000000000000e+00 0.000000000000000000e+00 0.000000000000000000e+00 0.000000000000000000e+00 0.000000000000000000e+00 -0.000000000000000000e+00 -0.000000000000000000e+00 0.000000000000000000e+00 0.000000000000000000e+00
-0.000000000000000000e+00 -0.000000000000000000e+00 0.000000000000000000e+00 0.000000000000000000e+00 -0.000000000000000000e+00 0.000000000000000000e+00 -0.000000000000000000e+00 -0.000000000000000000e+00 0.000000000000000000e+00 0.000000000000000000e+00
-0.000000000000000000e+00 -0.000000000000000000e+00 0.000000000000000000e+00 0.000000000000000000e+00 -0.000000000000000000e+00 0.000000000000000000e+00 0.000000000000000000e+00 -0.000000000000000000e+00 0.000000000000000000e+00 0.000000000000000000e+00
0.000000000000000000e+00 0.000000000000000000e+00 -0.000000000000000000e+00 -0.000000000000000000e+00 0.000000000000000000e+00 0.000000000000000000e+00 0.000000000000000000e+00 0.000000000000000000e+00 0.000000000000000000e+00 -0.000000000000000000e+00
0.000000000000000000e+00 0.000000000000000000e+00 -0.000000000000000000e+00 -0.000000000000000000e+00 0.000000000000000000e+00 0.000000000000000000e+00 0.000000000000000000e+00 0.000000000000000000e+00 -0.000000000000000000e+00 -0.000000000000000000e+00
0.000000000000000000e+00 0.000000000000000000e+00 -0.000000000000000000e+00 -0.000000000000000000e+00 0.000000000000000000e+00 0.000000000000000000e+00 -0.000000000000000000e+00 -0.000000000000000000e+00 0.000000000000000000e+00 -0.000000000000000000e+00
0.000000000000000000e+00 0.000000000000000000e+00 -0.000000000000000000e+00 -0.000000000000000000e+00 0.000000000000000000e+00 0.000000000000000000e+00 -0.000000000000000000e+00 -0.000000000000000000e+00 0.000000000000000000e+00 -0.000000000000000000e+00
0.000000000000000000e+00 0.000000000000000000e+00 -0.000000000000000000e+00 -0.000000000000000000e+00 0.000000000000000000e+00 0.000000000000000000e+00 0.000000000000000000e+00 0.000000000000000000e+00 -0.000000000000000000e+00 -0.000000000000000000e+00
0.000000000000000000e+00 -0.000000000000000000e+00 0.000000000000000000e+00 0.000000000000000000e+00 0.000000000000000000e+00 0.000000000000000000e+00 -0.000000000000000000e+00 -0.000000000000000000e+00 0.000000000000000000e+00 0.000000000000000000e+00
0.000000000000000000e+00 -0.000000000000000000e+00 -0.000000000000000000e+00 0.000000000000000000e+00 0.000000000000000000e+00 0.000000000000000000e+00 -0.000000000000000000e+00 -0.000000000000000000e+00 0.000000000000000000e+00 0.000000000000000000e+00
0.000000000000000000e+00 0.000000000000000000e+00 -0.000000000000000000e+00 -0.000000000000000000e+00 0.000000000000000000e+00 0.000000000000000000e+00 -0.000000000000000000e+00 0.000000000000000000e+00 0.000000000000000000e+00 -0.000000000000000000e+00
0.000000000000000000e+00 0.000000000000000000e+00 0.000000000000000000e+00 -0.000000000000000000e+00 0.000000000000000000e+00 0.000000000000000000e+00 -0.000000000000000000e+00 -0.000000000000000000e+00 0.000000000000000000e+00 0.000000000000000000e+00
0.000000000000000000e+00 0.000000000000000000e+00 -0.000000000000000000e+00 -0.000000000000000000e+00 0.000000000000000000e+00 0.000000000000000000e+00 -0.000000000000000000e+00 -0.000000000000000000e+00 0.000000000000000000e+00 -0.000000000000000000e+00
0.000000000000000000e+00 0.000000000000000000e+00 -0.000000000000000000e+00 -0.000000000000000000e+00 0.000000000000000000e+00 0.000000000000000000e+00 -0.000000000000000000e+00 0.000000000000000000e+00 0.000000000000000000e+00 -0.000000000000000000e+00
-0.000000000000000000e+00 -0.000000000000000000e+00 0.000000000000000000e+00 0.000000000000000000e+00 -0.000000000000000000e+00 -0.000000000000000000e+00 0.000000000000000000e+00 -0.000000000000000000e+00 -0.000000000000000000e+00 0.000000000000000000e+00
0.000000000000000000e+00 -0.000000000000000000e+00 0.000000000000000000e+00 0.000000000000000000e+00 0.000000000000000000e+00 0.000000000000000000e+00 -0.000000000000000000e+00 -0.000000000000000000e+00 0.000000000000000000e+00 0.000000000000000000e+00
0.000000000000000000e+00 0.000000000000000000e+00 0.000000000000000000e+00 0.000000000000000000e+00 0.000000000000000000e+00 0.000000000000000000e+00 -0.000000000000000000e+00 -0.000000000000000000e+00 0.000000000000000000e+00 0.000000000000000000e+00
0.000000000000000000e+00 0.000000000000000000e+00 -0.000000000000000000e+00 -0.000000000000000000e+00 0.000000000000000000e+00 0.000000000000000000e+00 -0.000000000000000000e+00 -0.000000000000000000e+00 0.000000000000000000e+00 -0.000000000000000000e+00
0.000000000000000000e+00 0.000000000000000000e+00 0.000000000000000000e+00 0.000000000000000000e+00 0.000000000000000000e+00 0.000000000000000000e+00 -0.000000000000000000e+00 -0.000000000000000000e+00 0.000000000000000000e+00 0.000000000000000000e+00
0.000000000000000000e+00 0.000000000000000000e+00 -0.000000000000000000e+00 -0.000000000000000000e+00 0.000000000000000000e+00 0.000000000000000000e+00 -0.000000000000000000e+00 0.000000000000000000e+00 0.000000000000000000e+00 -0.000000000000000000e+00
0.000000000000000000e+00 -0.000000000000000000e+00 0.000000000000000000e+00 0.000000000000000000e+00 0.000000000000000000e+00 0.000000000000000000e+00 -0.000000000000000000e+00 -0.000000000000000000e+00 0.000000000000000000e+00 0.000000000000000000e+00
-0.000000000000000000e+00 0.000000000000000000e+00 0.000000000000000000e+00 -0.000000000000000000e+00 -0.000000000000000000e+00 -0.000000000000000000e+00 0.000000000000000000e+00 0.000000000000000000e+00 -0.000000000000000000e+00 -0.000000000000000000e+00
-0.000000000000000000e+00 0.000000000000000000e+00 -0.000000000000000000e+00 -0.000000000000000000e+00 -0.000000000000000000e+00 -0.000000000000000000e+00 0.000000000000000000e+00 0.000000000000000000e+00 -0.000000000000000000e+00 -0.000000000000000000e+00
-0.000000000000000000e+00 -0.000000000000000000e+00 0.000000000000000000e+00 0.000000000000000000e+00 -0.000000000000000000e+00 -0.000000000000000000e+00 0.000000000000000000e+00 -0.000000000000000000e+00 -0.000000000000000000e+00 0.000000000000000000e+00
-0.000000000000000000e+00 -0.000000000000000000e+00 0.000000000000000000e+00 0.000000000000000000e+00 -0.000000000000000000e+00 0.000000000000000000e+00 -0.000000000000000000e+00 -0.000000000000000000e+00 0.000000000000000000e+00 0.000000000000000000e+00
-0.000000000000000000e+00 0.000000000000000000e+00 -0.000000000000000000e+00 -0.000000000000000000e+00 -0.000000000000000000e+00 -0.000000000000000000e+00 0.000000000000000000e+00 0.000000000000000000e+00 -0.000000000000000000e+00 -0.000000000000000000e+00
-0.000000000000000000e+00 -0.000000000000000000e+00 -0.000000000000000000e+00 -0.000000000000000000e+00 -0.000000000000000000e+00 -0.000000000000000000e+00 0.000000000000000000e+00 0.000000000000000000e+00 -0.000000000000000000e+00 -0.000000000000000000e+00
-0.000000000000000000e+00 -0.000000000000000000e+00 -0.000000000000000000e+00 0.000000000000000000e+00 -0.000000000000000000e+00 -0.000000000000000000e+00 0.000000000000000000e+00 0.000000000000000000e+00 -0.000000000000000000e+00 -0.000000000000000000e+00
-0.000000000000000000e+00 0.000000000000000000e+00 -0.000000000000000000e+00 -0.000000000000000000e+00 -0.000000000000000000e+00 -0.000000000000000000e+00 0.000000000000000000e+00 0.000000000000000000e+00 -0.000000000000000000e+00 -0.000000000000000000e+00
-0.000000000000000000e+00 0.000000000000000000e+00 -0.000000000000000000e+00 -0.000000000000000000e+00 -0.000000000000000000e+00 -0.000000000000000000e+00 0.000000000000000000e+00 0.000000000000000000e+00 -0.000000000000000000e+00 -0.000000000000000000e+00
-0.000000000000000000e+00 0.000000000000000000e+00 -0.000000000000000000e+00 -0.000000000000000000e+00 -0.000000000000000000e+00 -0.000000000000000000e+00 0.000000000000000000e+00 0.000000000000000000e+00 -0.000000000000000000e+00 -0.000000000000000000e+00
-0.000000000000000000e+00 -0.000000000000000000e+00 0.000000000000000000e+00 0.000000000000000000e+00 -0.000000000000000000e+00 0.000000000000000000e+00 -0.000000000000000000e+00 -0.000000000000000000e+00 0.000000000000000000e+00 0.000000000000000000e+00
-0.000000000000000000e+00 -0.000000000000000000e+00 0.000000000000000000e+00 0.000000000000000000e+00 -0.000000000000000000e+00 0.000000000000000000e+00 -0.000000000000000000e+00 -0.000000000000000000e+00 0.000000000000000000e+00 0.000000000000000000e+00
-0.000000000000000000e+00 -0.000000000000000000e+00 0.000000000000000000e+00 0.000000000000000000e+00 -0.000000000000000000e+00 -0.000000000000000000e+00 -0.000000000000000000e+00 -0.000000000000000000e+00 0.000000000000000000e+00 0.000000000000000000e+00
-0.000000000000000000e+00 -0.000000000000000000e+00 0.000000000000000000e+00 0.000000000000000000e+00 -0.000000000000000000e+00 0.000000000000000000e+00 -0.000000000000000000e+00 -0.000000000000000000e+00 0.000000000000000000e+00 0.000000000000000000e+00
-0.000000000000000000e+00 -0.000000000000000000e+00 0.000000000000000000e+00 0.000000000000000000e+00 -0.000000000000000000e+00 0.000000000000000000e+00 -0.000000000000000000e+00 -0.000000000000000000e+00 0.000000000000000000e+00 0.000000000000000000e+00
-0.000000000000000000e+00 -0.000000000000000000e+00 0.000000000000000000e+00 0.000000000000000000e+00 -0.000000000000000000e+00 -0.000000000000000000e+00 -0.000000000000000000e+00 -0.000000000000000000e+00 -0.000000000000000000e+00 0.000000000000000000e+00
-0.000000000000000000e+00 -0.000000000000000000e+00 0.000000000000000000e+00 0.000000000000000000e+00 -0.000000000000000000e+00 0.000000000000000000e+00 -0.000000000000000000e+00 -0.000000000000000000e+00 0.000000000000000000e+00 0.000000000000000000e+00
-0.000000000000000000e+00 -0.000000000000000000e+00 0.000000000000000000e+00 0.000000000000000000e+00 -0.000000000000000000e+00 -0.000000000000000000e+00 -0.000000000000000000e+00 -0.000000000000000000e+00 0.000000000000000000e+00 0.000000000000000000e+00
-0.000000000000000000e+00 -0.000000000000000000e+00 0.000000000000000000e+00 0.000000000000000000e+00 -0.000000000000000000e+00 0.000000000000000000e+00 -0.000000000000000000e+00 -0.000000000000000000e+00 0.000000000000000000e+00 0.000000000000000000e+00
0.000000000000000000e+00 -0.000000000000000000e+00 0.000000000000000000e+00 0.000000000000000000e+00 0.000000000000000000e+00 0.000000000000000000e+00 -0.000000000000000000e+00 -0.000000000000000000e+00 0.000000000000000000e+00 0.000000000000000000e+00
-0.000000000000000000e+00 -0.000000000000000000e+00 0.000000000000000000e+00 0.000000000000000000e+00 -0.000000000000000000e+00 -0.000000000000000000e+00 0.000000000000000000e+00 -0.000000000000000000e+00 -0.000000000000000000e+00 0.000000000000000000e+00
-0.000000000000000000e+00 -0.000000000000000000e+00 0.000000000000000000e+00 0.000000000000000000e+00 -0.000000000000000000e+00 -0.000000000000000000e+00 0.000000000000000000e+00 -0.000000000000000000e+00 0.000000000000000000e+00 0.000000000000000000e+00
-0.000000000000000000e+00 -0.000000000000000000e+00 0.000000000000000000e+00 0.000000000000000000e+00 -0.000000000000000000e+00 -0.000000000000000000e+00 -0.000000000000000000e+00 -0.000000000000000000e+00 0.000000000000000000e+00 0.000000000000000000e+00
-0.000000000000000000e+00 -0.000000000000000000e+00 0.000000000000000000e+00 0.000000000000000000e+00 -0.000000000000000000e+00 -0.000000000000000000e+00 -0.000000000000000000e+00 -0.000000000000000000e+00 -0.000000000000000000e+00 0.000000000000000000e+00
-0.000000000000000000e+00 -0.000000000000000000e+00 0.000000000000000000e+00 0.000000000000000000e+00 -0.000000000000000000e+00 -0.000000000000000000e+00 0.000000000000000000e+00 -0.000000000000000000e+00 0.000000000000000000e+00 0.000000000000000000e+00
-0.000000000000000000e+00 -0.000000000000000000e+00 0.000000000000000000e+00 0.000000000000000000e+00 -0.000000000000000000e+00 -0.000000000000000000e+00 -0.000000000000000000e+00 -0.000000000000000000e+00 -0.000000000000000000e+00 0.000000000000000000e+00
-0.000000000000000000e+00 -0.000000000000000000e+00 0.000000000000000000e+00 0.000000000000000000e+00 -0.000000000000000000e+00 -0.000000000000000000e+00 -0.000000000000000000e+00 -0.000000000000000000e+00 -0.000000000000000000e+00 0.000000000000000000e+00
-0.000000000000000000e+00 -0.000000000000000000e+00 0.000000000000000000e+00 0.000000000000000000e+00 -0.000000000000000000e+00 -0.000000000000000000e+00 0.000000000000000000e+00 -0.000000000000000000e+00 0.000000000000000000e+00 0.000000000000000000e+00
-0.000000000000000000e+00 -0.000000000000000000e+00 0.000000000000000000e+00 0.000000000000000000e+00 -0.000000000000000000e+00 -0.000000000000000000e+00 -0.000000000000000000e+00 -0.000000000000000000e+00 0.000000000000000000e+00 0.000000000000000000e+00
-0.000000000000000000e+00 -0.000000000000000000e+00 0.000000000000000000e+00 0.000000000000000000e+00 -0.000000000000000000e+00 0.000000000000000000e+00 0.000000000000000000e+00 -0.000000000000000000e+00 0.000000000000000000e+00 0.000000000000000000e+00
-0.000000000000000000e+00 -0.000000000000000000e+00 0.000000000000000000e+00 0.000000000000000000e+00 -0.000000000000000000e+00 -0.000000000000000000e+00 0.000000000000000000e+00 0.000000000000000000e+00 -0.000000000000000000e+00 0.000000000000000000e+00
0.000000000000000000e+00 0.000000000000000000e+00 0.000000000000000000e+00 -0.000000000000000000e+00 0.000000000000000000e+00 0.000000000000000000e+00 0.000000000000000000e+00 -0.000000000000000000e+00 0.000000000000000000e+00 0.000000000000000000e+00
-0.000000000000000000e+00 -0.000000000000000000e+00 0.000000000000000000e+00 0.000000000000000000e+00 -0.000000000000000000e+00 -0.000000000000000000e+00 0.000000000000000000e+00 0.000000000000000000e+00 -0.000000000000000000e+00 0.000000000000000000e+00
-0.000000000000000000e+00 -0.000000000000000000e+00 -0.000000000000000000e+00 0.000000000000000000e+00 -0.000000000000000000e+00 -0.000000000000000000e+00 0.000000000000000000e+00 0.000000000000000000e+00 -0.000000000000000000e+00 -0.000000000000000000e+00
0.000000000000000000e+00 0.000000000000000000e+00 0.000000000000000000e+00 -0.000000000000000000e+00 0.000000000000000000e+00 0.000000000000000000e+00 0.000000000000000000e+00 0.000000000000000000e+00 -0.000000000000000000e+00 -0.000000000000000000e+00
-0.000000000000000000e+00 0.000000000000000000e+00 0.000000000000000000e+00 -0.000000000000000000e+00 -0.000000000000000000e+00 -0.000000000000000000e+00 0.000000000000000000e+00 0.000000000000000000e+00 -0.000000000000000000e+00 -0.000000000000000000e+00
-0.000000000000000000e+00 0.000000000000000000e+00 0.000000000000000000e+00 -0.000000000000000000e+00 -0.000000000000000000e+00 -0.000000000000000000e+00 0.000000000000000000e+00 0.000000000000000000e+00 -0.000000000000000000e+00 -0.000000000000000000e+00
0.000000000000000000e+00 0.000000000000000000e+00 0.000000000000000000e+00 -0.000000000000000000e+00 0.000000000000000000e+00 -0.000000000000000000e+00 0.000000000000000000e+00 0.000000000000000000e+00 -0.000000000000000000e+00 -0.000000000000000000e+00
-0.000000000000000000e+00 0.000000000000000000e+00 0.000000000000000000e+00 -0.000000000000000000e+00 -0.000000000000000000e+00 -0.000000000000000000e+00 0.000000000000000000e+00 0.000000000000000000e+00 -0.000000000000000000e+00 -0.000000000000000000e+00
-0.000000000000000000e+00 -0.000000000000000000e+00 -0.000000000000000000e+00 -0.000000000000000000e+00 -0.000000000000000000e+00 -0.000000000000000000e+00 0.000000000000000000e+00 0.000000000000000000e+00 -0.000000000000000000e+00 -0.000000000000000000e+00
0.000000000000000000e+00 0.000000000000000000e+00 -0.000000000000000000e+00 -0.000000000000000000e+00 0.000000000000000000e+00 0.000000000000000000e+00 -0.000000000000000000e+00 0.000000000000000000e+00 0.000000000000000000e+00 -0.000000000000000000e+00
0.000000000000000000e+00 0.000000000000000000e+00 -0.000000000000000000e+00 -0.000000000000000000e+00 0.000000000000000000e+00 0.000000000000000000e+00 -0.000000000000000000e+00 -0.000000000000000000e+00 0.000000000000000000e+00 -0.000000000000000000e+00
0.000000000000000000e+00 0.000000000000000000e+00 -0.000000000000000000e+00 -0.000000000000000000e+00 0.000000000000000000e+00 0.000000000000000000e+00 -0.000000000000000000e+00 0.000000000000000000e+00 0.000000000000000000e+00 -0.000000000000000000e+00
0.000000000000000000e+00 0.000000000000000000e+00 -0.000000000000000000e+00 -0.000000000000000000e+00 0.000000000000000000e+00 0.000000000000000000e+00 -0.000000000000000000e+00 0.000000000000000000e+00 0.000000000000000000e+00 -0.000000000000000000e+00
0.000000000000000000e+00 0.000000000000000000e+00 -0.000000000000000000e+00 -0.000000000000000000e+00 0.000000000000000000e+00 0.000000000000000000e+00 -0.000000000000000000e+00 0.000000000000000000e+00 0.000000000000000000e+00 -0.000000000000000000e+00
0.000000000000000000e+00 0.000000000000000000e+00 -0.000000000000000000e+00 -0.000000000000000000e+00 0.000000000000000000e+00 0.000000000000000000e+00 -0.000000000000000000e+00 0.000000000000000000e+00 0.000000000000000000e+00 -0.000000000000000000e+00
0.000000000000000000e+00 0.000000000000000000e+00 -0.000000000000000000e+00 -0.000000000000000000e+00 0.000000000000000000e+00 0.000000000000000000e+00 -0.000000000000000000e+00 0.000000000000000000e+00 0.000000000000000000e+00 -0.000000000000000000e+00
0.000000000000000000e+00 0.000000000000000000e+00 -0.000000000000000000e+00 -0.000000000000000000e+00 0.000000000000000000e+00 0.000000000000000000e+00 -0.000000000000000000e+00 0.000000000000000000e+00 0.000000000000000000e+00 -0.000000000000000000e+00
0.000000000000000000e+00 0.000000000000000000e+00 -0.000000000000000000e+00 -0.000000000000000000e+00 0.000000000000000000e+00 0.000000000000000000e+00 -0.000000000000000000e+00 0.000000000000000000e+00 0.000000000000000000e+00 -0.000000000000000000e+00
0.000000000000000000e+00 0.000000000000000000e+00 -0.000000000000000000e+00 -0.000000000000000000e+00 0.000000000000000000e+00 0.000000000000000000e+00 -0.000000000000000000e+00 0.000000000000000000e+00 0.000000000000000000e+00 -0.000000000000000000e+00
-2.250495495620232602e-08 -1.502174949071486950e-07 8.523050688208205759e-08 2.271925777556706657e-07 -5.148937656795571919e-09 4.092933141398596832e-08 2.543246262203284657e-08 -3.372004011713642421e-08 9.279592490897407929e-08 1.262098922418453453e-07
1.484565416068393576e-07 -9.952865676824208834e-08 6.562235547834761052e-08 1.434484259263705347e-07 1.444300512197242938e-07 7.150555602519156315e-08 -5.814191885893534746e-08 -1.415714370111982665e-07 1.853646992981457366e-07 1.354399264306947305e-07
1.413657696562662309e-07 -2.298641972135375811e-08 4.623562071029232489e-08 5.922762419456635844e-08 1.537903477639683610e-07 8.864704255277648710e-08 -3.433310996381222706e-08 -9.297341323577291532e-08 1.682359703453421044e-07 6.791387880093117006e-08
8.176899899838455483e-08 -7.972833002752414068e-08 6.683996939351601091e-08 1.608874967770766575e-07 1.026571773971722245e-07 7.819542885259574070e-08 -2.974313810245321891e-08 -7.320492768035420022e-08 1.617681465288092301e-07 1.265711545605361546e-07
1.239625424094504750e-07 -9.080547679520447461e-08 6.465625241053220730e-08 1.488799424185236595e-07 1.718851273285991703e-07 1.097777160928907226e-07 -6.291300544346766688e-08 -1.375991355702010603e-07 1.755720261639644760e-07 1.367103599200956964e-07
1.648395520228555183e-07 3.562098267440258947e-08 4.730382708767163471e-08 3.479181754883866691e-08 1.609830131134548492e-07 7.574691868118117335e-08 -4.707664865299862232e-08 -6.077593414231295672e-08 1.271356292894775185e-07 3.067381045992116841e-08
1.334023238172341688e-07 -7.586507972996496707e-08 4.546563547730224297e-08 1.280907566593233724e-07 1.659031975280051080e-07 9.692125303454829286e-08 -5.857946698516094688e-08 -1.332514267533082123e-07 2.004534701747626825e-07 1.216221753679232148e-07
7.440551446071946624e-08 -5.469988653177271077e-09 1.618879515940024620e-08 6.399655038588672334e-09 5.452184658398028178e-08 2.130261970756663311e-08 2.017096588182835053e-08 -4.316788816763177470e-08 7.924963460278545882e-08 6.640188956124640549e-09
9.074036390070040933e-08 -1.367856578415474209e-07 7.081815921754956021e-08 1.987550907203187416e-07 1.056818127614603313e-07 6.134227913962051761e-08 -6.679657028331972380e-08 -1.471361964475924565e-07 1.835321989299699753e-07 1.143679903605532181e-07
1.892786777354100223e-07 1.287147922763435839e-07 -1.971448503051567826e-08 -1.152356832370428471e-07 1.912739190402186795e-07 6.678871726170076431e-08 -5.813831814793706006e-08 -4.898361348787683231e-08 1.398857558970117531e-07 -4.098487314836218354e-09
3.081151272298693811e-05 2.132428371710067011e-05 4.107269041526965576e-05 -6.658905137253901723e-05 -2.488600943621609438e-06 2.109219402215288433e-05 -1.506830040627128199e-05 2.829827381124419848e-05 1.477615104345350573e-06 1.496289447413575947e-05
5.117798638412708205e-05 1.509797441289939742e-05 -9.673132160088020656e-06 -8.000848650015127789e-05 4.360437092729294099e-05 -3.660413717601801056e-06 2.168753912212601195e-05 4.592304348472338429e-05 9.211150830819483774e-06 -2.344921525825896674e-05
4.142988360766019769e-05 6.130955280424955228e-05 -2.674585462427050733e-05 -7.443879881730651308e-05 5.401713926694135074e-05 -5.034835984594173008e-06 6.520153916974891690e-06 5.215083571674943193e-05 -1.639289724969924674e-05 -1.714354060982490642e-05
2.170005930602368681e-05 1.018435434037937443e-04 1.979691271411503585e-05 -3.907313349127454960e-05 6.723149462015092892e-05 5.294811197536080933e-05 -3.171950753578627871e-05 1.412486056089179540e-05 5.117132435666242786e-06 -3.773143694481660698e-05
8.690083318608811402e-05 7.729357327090945542e-05 -2.757983607264929244e-05 -7.601744628281427983e-05 7.346472666195815848e-05 3.672196200415839084e-05 -2.704159393733996422e-05 2.047796407550737070e-05 4.536875197675459064e-05 -7.405445038071606016e-06
2.610146098048225419e-05 6.805790139995960013e-05 -1.278088305569518106e-05 -1.409461136563691388e-05 6.727231699761019766e-05 2.785110781929120964e-05 -3.025861412934973818e-07 -8.441651254454696172e-06 6.759785657116430964e-05 1.873323321323163275e-05
3.213068578475821710e-05 8.719181807163144538e-05 3.267664984397561796e-05 -8.049601370283145487e-05 4.399653549324007918e-05 3.028352518269762810e-05 -2.392085613780812998e-05 3.649705676283131244e-05 4.903342253290521275e-05 -5.014175413540138360e-05
3.671514090573818482e-05 7.738472136100761937e-05 1.092177928624144739e-05 -7.350258094834267043e-05 4.969123183414703604e-05 -1.687533035451842336e-06 1.127509888325357977e-05 -2.772110219533949592e-05 2.566024160067712206e-05 -5.709889860359564193e-05
9.770420695222256917e-05 7.506227769013085280e-05 -1.308941801678067947e-05 -3.455359907502942419e-05 5.056075807250670867e-05 -5.337935759940630062e-06 1.203037607614751680e-05 2.640988608079389993e-05 1.609063754151429158e-05 7.326177627479306612e-07
9.290883548992492360e-05 9.708908794666449595e-05 -1.165257322275800353e-05 -3.420194209033611482e-05 6.209033090956612988e-05 -7.855494197182312432e-06 2.688869590339835008e-05 -1.904246217846138395e-05 4.387574254804921481e-05 -2.715726845239285761e-05
-6.008208030228175638e-05 -1.460292513733990458e-05 1.330127465670496730e-05 -1.283885405136269177e-06 -1.374771901258401528e-05 -1.085434841386877010e-05 -1.228797429281699318e-05 5.207819587239016115e-06 -3.595206241939922294e-05 3.042982304962887250e-06
1.105259888971887893e-05 -2.489212301323390182e-05 3.549440531828834124e-05 9.396395814019513565e-05 4.817480243880688581e-06 3.249201166059739062e-06 5.618184844155960287e-06 -2.427133360376060515e-05 4.855777184877257523e-05 4.459257801950709804e-05
3.155442191929910958e-05 -3.758741333158411273e-05 8.977632702643499046e-06 7.633956043815061506e-05 -6.436423088689496265e-07 -9.758594972384470814e-06 3.210780994935446875e-05 -4.317130071683621546e-05 5.509394810209423889e-05 5.630103567519320916e-05
-8.715383319722389265e-06 -5.870705674793950333e-05 -8.455498092994268494e-06 -6.526788371769715973e-06 -6.880357298195043179e-05 1.770077635293356984e-05 4.168906470585760193e-05 3.527855641354374247e-05 -3.828249685273956462e-05 9.096358431478474869e-06
5.609290150306462655e-05 -1.908655563715908575e-05 1.248347861848721587e-04 5.496810246691398840e-05 6.076514604251469562e-05 4.705935386577180652e-05 -2.535247420125377854e-05 -5.929784034624595681e-05 9.412320560802437373e-05 8.617917757956757637e-05
-5.618370815056054921e-06 -1.223018440720649488e-05 1.346255146362733746e-05 5.066153026775409226e-05 7.237857220311922778e-05 2.952412824502998647e-05 -3.241721532765158819e-05 -1.457541217001287588e-05 6.779114188030846140e-05 7.590665720436577901e-06
-4.585698569742669198e-05 -3.303175383649775053e-05 -3.231402758873781549e-05 2.405962155038027929e-06 -3.671937138269821356e-05 -2.057235328867325114e-05 3.055461573000457966e-05 7.331751475285874567e-06 -6.587974408554302878e-05 -2.451047847759920038e-05
-5.730556439277617467e-05 1.680953465283538590e-05 -6.609024750818004738e-05 -3.124787144885125969e-05 -1.006908739403089418e-04 -2.011238192156658360e-05 2.932126675098760044e-05 4.606088090338232571e-05 -1.054935246243957390e-04 -5.107564758773487575e-05
-5.728893040986753554e-05 -3.870542303095855959e-05 -4.457889236514991926e-05 3.137172912826047581e-05 -7.603084691058448392e-05 -3.081157658729842812e-05 1.856209862519490070e-05 -7.505367297439838396e-06 -5.887221027974836793e-05 -2.592223537690075026e-05
-5.083023423227434344e-05 -1.499110053396291855e-05 -6.003113268956564070e-06 -2.577212585689285309e-05 -3.063671290506349000e-05 -4.208234248569043699e-05 -1.416990225212213513e-05 -5.288446261622647190e-06 -7.379120140031234681e-05 5.075782722836545376e-06
1.169261828251950956e-05 -9.981764375436437037e-06 -4.929996838762953901e-06 1.610226646563024734e-05 3.018822634681411273e-06 1.787886633140507062e-06 -3.236542965841961501e-06 -9.794569495406746265e-06 6.015016976483941018e-06 1.793812075156904333e-06
-2.862367339332197226e-07 -2.086899867458237291e-05 -2.845562433760179363e-06 7.546496112903365676e-06 5.157946256693472933e-06 6.573785561872715928e-06 -7.147307602738062580e-06 -3.892299903898558125e-06 4.050055205459830908e-06 2.865653721125304217e-06
8.208914259067993488e-06 -1.851259998609168809e-05 -3.018235873108092592e-06 9.062634916028364891e-06 -4.086628792333719459e-07 -8.100932314349445907e-06 -6.982475301943648637e-06 -7.685411512260119981e-06 3.005809340187782210e-06 8.623674785929259968e-06
5.671794452992461990e-06 -3.456108832606854907e-05 5.521003607035570103e-07 2.338939057327101375e-05 1.329410954627832795e-07 8.830609692758343093e-07 -1.925853419400185636e-05 -2.192845548287064258e-05 2.046063892828186800e-05 9.829991338290923242e-06
-5.884296250146817371e-06 -2.051160066890947594e-05 1.097930797857995498e-05 2.336165818971779111e-05 9.316995920505852661e-06 -6.306391350034112187e-06 -2.697640337563192113e-06 -1.919074859630454436e-05 1.805435744300654268e-05 2.743487513610965278e-06
-3.649401656485738905e-06 -9.061690824724826163e-06 3.005681048446198899e-06 1.600755133407242865e-05 5.298865522435094854e-06 -3.950411554568895803e-06 -1.133630430846554980e-05 -7.277424667424422582e-06 6.617720302730339262e-06 -8.169644020320938781e-07
-3.641189904674203053e-07 -3.403029818519905081e-05 1.152964414273101732e-06 1.580646254403951563e-05 1.352019670339380696e-05 4.984313046451768589e-07 -2.812562955274185958e-05 -3.018322409925097203e-05 2.195356283986025402e-05 1.726647312111458915e-05
1.810728824420571378e-06 -1.674938416416041855e-05 -6.461432224665336423e-06 1.859910518213742675e-05 4.845061280948646130e-06 1.243025032968582134e-05 -2.442864875734778742e-05 -2.378861988609563670e-05 2.063382643825308508e-05 1.358623918005602686e-05
1.035815040454244442e-05 -3.036958435440650418e-05 -3.746310782495922086e-06 3.276157974283216441e-05 1.588589590215485920e-05 1.136816658881160006e-05 -2.929000376037375585e-05 -3.361433937769790791e-05 3.260688567049791159e-05 2.122353776399744571e-05
1.531861967092249994e-05 -2.385712407658394655e-05 3.932576580527342816e-06 1.320623624053048661e-05 4.928566658234292371e-06 1.154594499525575029e-05 -2.173187223071196560e-05 -1.041857428782539981e-05 1.510227752713532508e-05 2.132280482575776186e-06
