-6.659680301975447593e-05
-6.663757502777586245e-05
-6.036276309071174963e-05
-4.369346301713081764e-05
-4.582678225694884435e-05
-3.140969962015780398e-06
-6.322289214881582722e-05
-3.014678008025962374e-05
-6.767487572763353275e-05
-1.265110898916405100e-05
-0.000000000000000000e+00
0.000000000000000000e+00
-0.000000000000000000e+00
0.000000000000000000e+00
-0.000000000000000000e+00
-0.000000000000000000e+00
-0.000000000000000000e+00
-0.000000000000000000e+00
-0.000000000000000000e+00
0.000000000000000000e+00
-0.000000000000000000e+00
-0.000000000000000000e+00
-0.000000000000000000e+00
-0.000000000000000000e+00
-0.000000000000000000e+00
-0.000000000000000000e+00
-0.000000000000000000e+00
-0.000000000000000000e+00
-0.000000000000000000e+00
-0.000000000000000000e+00
-0.000000000000000000e+00
-0.000000000000000000e+00
-0.000000000000000000e+00
-0.000000000000000000e+00
-0.000000000000000000e+00
-0.000000000000000000e+00
-0.000000000000000000e+00
-0.000000000000000000e+00
-0.000000000000000000e+00
-0.000000000000000000e+00
-0.000000000000000000e+00
-0.000000000000000000e+00
-0.000000000000000000e+00
-0.000000000000000000e+00
-0.000000000000000000e+00
-0.000000000000000000e+00
-0.000000000000000000e+00
-0.000000000000000000e+00
-0.000000000000000000e+00
-0.000000000000000000e+00
-0.000000000000000000e+00
-0.000000000000000000e+00
-0.000000000000000000e+00
-0.000000000000000000e+00
-0.000000000000000000e+00
-0.000000000000000000e+00
-0.000000000000000000e+00
-0.000000000000000000e+00
-0.000000000000000000e+00
-0.000000000000000000e+00
-0.000000000000000000e+00
-0.000000000000000000e+00
-0.000000000000000000e+00
-0.000000000000000000e+00
-0.000000000000000000e+00
-0.000000000000000000e+00
-0.000000000000000000e+00
-0.000000000000000000e+00
-0.000000000000000000e+00
-0.000000000000000000e+00
-1.818029894935168525e-05
-2.112940763486296822e-05
-2.322609908554308897e-05
-2.186560145288302009e-05
-2.091465540040683823e-05
-2.495167908082993795e-05
-2.078966858530874949e-05
-2.465042762511690926e-05
-1.795777312196649895e-05
-2.364979513926814561e-05
2.340930663687050295e-05
-8.627050428769698117e-05
1.451531361935472821e-05
3.212893822404943765e-05
3.233323594213902607e-05
-4.231668058739286581e-05
-1.234842789176349079e-05
-1.874212174793000988e-05
-2.565125917211069711e-06
3.178020318497891677e-05
0.000000000000000000e+00
0.000000000000000000e+00
0.000000000000000000e+00
0.000000000000000000e+00
0.000000000000000000e+00
0.000000000000000000e+00
0.000000000000000000e+00
0.000000000000000000e+00
0.000000000000000000e+00
0.000000000000000000e+00
-1.634423795246651247e-05
-1.547169211234242133e-05
-1.783937000439835945e-05
-1.557011303505222654e-05
-1.475755132603053024e-05
-1.476299685785361849e-05
-1.465316256124185563e-05
-1.391717519212966733e-05
-1.560720198915501779e-05
-1.469918915348689291e-05
-5.549547680713411099e-06
-5.309330064936404171e-06
-5.285891658435596532e-06
-5.480159919785975043e-06
-5.217009076483774058e-06
-5.743360451795834611e-06
-5.311428445801589881e-06
-5.626184199530139694e-06
-5.967079490509578346e-06
-5.731999767253536473e-06
-4.467512618821421711e-05
-5.044261022127219678e-06
-5.422476933434963866e-05
-4.605276125547454294e-05
-1.455317638490481472e-05
-1.598989295865465998e-05
-4.476583099170380257e-05
-1.657116128352068905e-05
-5.145273907608340926e-05
-3.692802977198194074e-05
0.000000000000000000e+00
0.000000000000000000e+00
0.000000000000000000e+00
-0.000000000000000000e+00
-0.000000000000000000e+00
-0.000000000000000000e+00
-0.000000000000000000e+00
0.000000000000000000e+00
-0.000000000000000000e+00
-0.000000000000000000e+00
0.000000000000000000e+00
0.000000000000000000e+00
-0.000000000000000000e+00
0.000000000000000000e+00
0.000000000000000000e+00
0.000000000000000000e+00
0.000000000000000000e+00
0.000000000000000000e+00
0.000000000000000000e+00
0.000000000000000000e+00
1.061436518785096851e-04
6.133216296315208897e-05
6.472102408561451737e-05
8.786640310635703921e-05
6.702782825492546726e-05
5.032097610685151479e-05
8.424543555541735276e-05
6.779457506434220966e-05
5.590911272431337990e-05
7.154523570293834815e-05
-0.000000000000000000e+00
0.000000000000000000e+00
0.000000000000000000e+00
0.000000000000000000e+00
0.000000000000000000e+00
0.000000000000000000e+00
-0.000000000000000000e+00
0.000000000000000000e+00
-0.000000000000000000e+00
-0.000000000000000000e+00
-2.080903091995387703e-05
-4.780135956810704478e-05
-4.249405276334302137e-05
-3.393839623604453072e-05
-3.220026370698464457e-05
-3.447605081176073692e-05
-2.704493600446544692e-05
-2.320131846084834304e-05
-3.767138649378983184e-05
-4.597180919998131144e-05
-1.125146329181001391e-05
-1.472524135971595953e-05
-1.183143424431367837e-05
-1.429040464503888159e-05
-1.217851927657925660e-05
-1.526765308555840596e-05
-1.443137569320257241e-05
-1.311393535213931346e-05
-1.265621152398292205e-05
-1.220522222385626421e-05
0.000000000000000000e+00
0.000000000000000000e+00
0.000000000000000000e+00
0.000000000000000000e+00
0.000000000000000000e+00
0.000000000000000000e+00
0.000000000000000000e+00
0.000000000000000000e+00
0.000000000000000000e+00
0.000000000000000000e+00
7.373337405566295652e-05
4.341420586489987620e-05
6.233013233349081245e-05
-4.765169620218544878e-05
8.263513852798827215e-05
6.886031675962330683e-05
7.094570722921204854e-05
6.346673074235444935e-05
2.375855737625780063e-05
2.771350213561961782e-05
-7.041298691194449854e-04
-6.602541739238274726e-04
-7.513804332793898571e-04
-6.265441345838909442e-04
-5.582132693006651046e-04
-7.722420300116150703e-04
-6.593708815485825559e-04
-8.243340480159839015e-04
-6.083426939202138221e-04
-6.550995797931337752e-04
5.035199965497601135e-05
-5.155044021559015326e-04
1.444393498712597890e-03
-1.213949135498981584e-03
2.637688360336175515e-04
3.912111444994350738e-04
-2.071441163284755397e-05
1.014466227307038535e-03
-2.242677443908063731e-04
-1.095449787198164802e-03
-2.147140693919889992e-04
6.879924111522238211e-04
1.976696764372468107e-03
-2.418454055718889141e-03
-6.104649641457041533e-04
-1.338484156385995761e-03
7.825956648870903420e-05
-6.305981668212720832e-04
1.768607521592745939e-03
7.580935940373102755e-04
