0.000000000000000000e+00 0.000000000000000000e+00 0.000000000000000000e+00 0.000000000000000000e+00 -0.000000000000000000e+00 0.000000000000000000e+00 -0.000000000000000000e+00 0.000000000000000000e+00 0.000000000000000000e+00 0.000000000000000000e+00
0.000000000000000000e+00 0.000000000000000000e+00 0.000000000000000000e+00 0.000000000000000000e+00 -0.000000000000000000e+00 0.000000000000000000e+00 -0.000000000000000000e+00 0.000000000000000000e+00 0.000000000000000000e+00 0.000000000000000000e+00
0.000000000000000000e+00 0.000000000000000000e+00 0.000000000000000000e+00 0.000000000000000000e+00 -0.000000000000000000e+00 0.000000000000000000e+00 -0.000000000000000000e+00 0.000000000000000000e+00 0.000000000000000000e+00 0.000000000000000000e+00
0.000000000000000000e+00 0.000000000000000000e+00 0.000000000000000000e+00 0.000000000000000000e+00 -0.000000000000000000e+00 0.000000000000000000e+00 -0.000000000000000000e+00 0.000000000000000000e+00 0.000000000000000000e+00 0.000000000000000000e+00
0.000000000000000000e+00 0.000000000000000000e+00 0.000000000000000000e+00 0.000000000000000000e+00 -0.000000000000000000e+00 0.000000000000000000e+00 -0.000000000000000000e+00 0.000000000000000000e+00 0.000000000000000000e+00 0.000000000000000000e+00
0.000000000000000000e+00 0.000000000000000000e+00 0.000000000000000000e+00 0.000000000000000000e+00 -0.000000000000000000e+00 0.000000000000000000e+00 -0.000000000000000000e+00 0.000000000000000000e+00 0.000000000000000000e+00 0.000000000000000000e+00
0.000000000000000000e+00 0.000000000000000000e+00 0.000000000000000000e+00 0.000000000000000000e+00 -0.000000000000000000e+00 0.000000000000000000e+00 -0.000000000000000000e+00 0.000000000000000000e+00 0.000000000000000000e+00 0.000000000000000000e+00
0.000000000000000000e+00 0.000000000000000000e+00 0.000000000000000000e+00 0.000000000000000000e+00 -0.000000000000000000e+00 0.000000000000000000e+00 -0.000000000000000000e+00 0.000000000000000000e+00 0.000000000000000000e+00 0.000000000000000000e+00
0.000000000000000000e+00 0.000000000000000000e+00 0.000000000000000000e+00 0.000000000000000000e+00 -0.000000000000000000e+00 0.000000000000000000e+00 -0.000000000000000000e+00 0.000000000000000000e+00 0.000000000000000000e+00 0.000000000000000000e+00
0.000000000000000000e+00 0.000000000000000000e+00 0.000000000000000000e+00 0.000000000000000000e+00 -0.000000000000000000e+00 0.000000000000000000e+00 -0.000000000000000000e+00 0.000000000000000000e+00 0.000000000000000000e+00 0.000000000000000000e+00
0.000000000000000000e+00 0.000000000000000000e+00 0.000000000000000000e+00 0.000000000000000000e+00 -0.000000000000000000e+00 0.000000000000000000e+00 -0.000000000000000000e+00 0.000000000000000000e+00 0.000000000000000000e+00 0.000000000000000000e+00
0.000000000000000000e+00 0.000000000000000000e+00 0.000000000000000000e+00 0.000000000000000000e+00 -0.000000000000000000e+00 0.000000000000000000e+00 -0.000000000000000000e+00 0.000000000000000000e+00 0.000000000000000000e+00 0.000000000000000000e+00
-0.000000000000000000e+00 -0.000000000000000000e+00 -0.000000000000000000e+00 -0.000000000000000000e+00 0.000000000000000000e+00 -0.000000000000000000e+00 0.000000000000000000e+00 -0.000000000000000000e+00 0.000000000000000000e+00 -0.000000000000000000e+00
0.000000000000000000e+00 0.000000000000000000e+00 0.000000000000000000e+00 0.000000000000000000e+00 -0.000000000000000000e+00 -0.000000000000000000e+00 -0.000000000000000000e+00 0.000000000000000000e+00 -0.000000000000000000e+00 0.000000000000000000e+00
0.000000000000000000e+00 0.000000000000000000e+00 0.000000000000000000e+00 0.000000000000000000e+00 -0.000000000000000000e+00 0.000000000000000000e+00 -0.000000000000000000e+00 0.000000000000000000e+00 0.000000000000000000e+00 0.000000000000000000e+00
-0.000000000000000000e+00 -0.000000000000000000e+00 -0.000000000000000000e+00 -0.000000000000000000e+00 0.000000000000000000e+00 0.000000000000000000e+00 0.000000000000000000e+00 -0.000000000000000000e+00 0.000000000000000000e+00 -0.000000000000000000e+00
0.000000000000000000e+00 0.000000000000000000e+00 0.000000000000000000e+00 0.000000000000000000e+00 -0.000000000000000000e+00 -0.000000000000000000e+00 -0.000000000000000000e+00 0.000000000000000000e+00 0.000000000000000000e+00 0.000000000000000000e+00
0.000000000000000000e+00 0.000000000000000000e+00 0.000000000000000000e+00 0.000000000000000000e+00 -0.000000000000000000e+00 0.000000000000000000e+00 -0.000000000000000000e+00 0.000000000000000000e+00 0.000000000000000000e+00 0.000000000000000000e+00
0.000000000000000000e+00 -0.000000000000000000e+00 -0.000000000000000000e+00 -0.000000000000000000e+00 0.000000000000000000e+00 -0.000000000000000000e+00 0.000000000000000000e+00 -0.000000000000000000e+00 0.000000000000000000e+00 -0.000000000000000000e+00
0.000000000000000000e+00 0.000000000000000000e+00 0.000000000000000000e+00 0.000000000000000000e+00 -0.000000000000000000e+00 -0.000000000000000000e+00 -0.000000000000000000e+00 0.000000000000000000e+00 -0.000000000000000000e+00 0.000000000000000000e+00
5.894435688480385969e-06 4.385744900705813950e-06 5.393387972899321871e-06 4.614506668362450139e-06 4.004352574944308176e-06 2.836336508606100921e-06 4.110604093425464014e-07 4.318020009961497640e-06 3.500304533792777101e-06 1.616012223618705945e-06
3.688811393324135348e-07 6.356020760373901656e-07 1.517982718891466923e-06 6.331283356267422731e-06 3.341336497859055554e-06 -5.835008982479025940e-07 1.920838824607278692e-06 2.435816061858123747e-06 4.646122584549661754e-06 2.038233852560190962e-06
4.678919112732412535e-06 5.487540400856316843e-06 6.480854731215226278e-06 2.623456464138730867e-06 5.394617206454206103e-06 -1.102109522937919397e-06 4.018923102329945505e-06 2.892198239265201875e-06 2.593288139434976911e-06 5.302660587749044294e-06
5.854538127908322076e-06 3.279183075654047498e-06 6.098378768599739120e-06 4.460992693914866528e-06 5.439336048617849613e-06 7.322216496972972431e-07 -4.885041308001081820e-07 4.211210661977231272e-06 1.964419088909145434e-06 2.230338724658705682e-06
2.091817413576017542e-06 1.647771373990183575e-06 8.684442656978269017e-07 2.400320186883261581e-07 6.482628553525379928e-06 6.033721454225657664e-06 1.987802379880130018e-06 3.189098205943291296e-06 7.201292965797424538e-07 2.953232395858471956e-06
4.175792729785653650e-06 3.663575441741623634e-06 1.953216414943093502e-06 7.980729832149076417e-06 -8.980765255944280285e-07 1.668133316603863877e-06 4.080145253027122686e-06 5.938273371640841022e-06 3.666994790012729794e-06 6.435165382764840703e-07
2.098085532896377600e-06 3.414318725411966886e-06 3.722807130085837035e-06 4.729502064349984764e-06 2.343525038922453206e-07 6.383229772258194420e-06 1.776766497783180155e-07 3.498018065552212966e-06 5.261146287632382300e-06 3.735281377386110803e-06
6.425170902366087240e-06 5.857708869347804997e-06 2.310842054178798330e-06 1.952994412299081653e-06 5.406398950212375116e-06 3.271991414072923773e-06 2.273673895344458440e-06 6.029744656982084987e-06 6.057036623096223113e-06 3.188136658437824990e-07
1.388942021973593031e-06 1.230597725888250868e-06 5.263356082694236685e-06 3.832149082524965688e-06 2.251774348241149323e-06 -1.687768120568962553e-06 3.062856308802661807e-06 7.128137471126988523e-06 3.832286902949239918e-07 4.606104694051631865e-06
5.512962277788335942e-06 5.378787329168918861e-06 5.072413507318065001e-06 5.845572147248695079e-06 4.664010049826741504e-06 8.178212957284544619e-07 4.967479447823788631e-06 4.504256331082161666e-06 6.691834823168583949e-06 2.182851157844922621e-06
-0.000000000000000000e+00 -0.000000000000000000e+00 -0.000000000000000000e+00 -0.000000000000000000e+00 0.000000000000000000e+00 -0.000000000000000000e+00 0.000000000000000000e+00 -0.000000000000000000e+00 -0.000000000000000000e+00 -0.000000000000000000e+00
-0.000000000000000000e+00 -0.000000000000000000e+00 -0.000000000000000000e+00 -0.000000000000000000e+00 0.000000000000000000e+00 -0.000000000000000000e+00 0.000000000000000000e+00 -0.000000000000000000e+00 -0.000000000000000000e+00 -0.000000000000000000e+00
-0.000000000000000000e+00 -0.000000000000000000e+00 -0.000000000000000000e+00 -0.000000000000000000e+00 0.000000000000000000e+00 0.000000000000000000e+00 0.000000000000000000e+00 -0.000000000000000000e+00 0.000000000000000000e+00 -0.000000000000000000e+00
-0.000000000000000000e+00 -0.000000000000000000e+00 -0.000000000000000000e+00 -0.000000000000000000e+00 0.000000000000000000e+00 -0.000000000000000000e+00 0.000000000000000000e+00 -0.000000000000000000e+00 -0.000000000000000000e+00 -0.000000000000000000e+00
-0.000000000000000000e+00 -0.000000000000000000e+00 -0.000000000000000000e+00 -0.000000000000000000e+00 0.000000000000000000e+00 -0.000000000000000000e+00 0.000000000000000000e+00 -0.000000000000000000e+00 -0.000000000000000000e+00 -0.000000000000000000e+00
-0.000000000000000000e+00 -0.000000000000000000e+00 -0.000000000000000000e+00 -0.000000000000000000e+00 0.000000000000000000e+00 -0.000000000000000000e+00 0.000000000000000000e+00 -0.000000000000000000e+00 -0.000000000000000000e+00 -0.000000000000000000e+00
-0.000000000000000000e+00 -0.000000000000000000e+00 -0.000000000000000000e+00 -0.000000000000000000e+00 0.000000000000000000e+00 0.000000000000000000e+00 0.000000000000000000e+00 -0.000000000000000000e+00 0.000000000000000000e+00 -0.000000000000000000e+00
0.000000000000000000e+00 -0.000000000000000000e+00 -0.000000000000000000e+00 -0.000000000000000000e+00 0.000000000000000000e+00 -0.000000000000000000e+00 0.000000000000000000e+00 -0.000000000000000000e+00 0.000000000000000000e+00 -0.000000000000000000e+00
-0.000000000000000000e+00 -0.000000000000000000e+00 -0.000000000000000000e+00 -0.000000000000000000e+00 0.000000000000000000e+00 -0.000000000000000000e+00 0.000000000000000000e+00 -0.000000000000000000e+00 -0.000000000000000000e+00 -0.000000000000000000e+00
-0.000000000000000000e+00 -0.000000000000000000e+00 -0.000000000000000000e+00 -0.000000000000000000e+00 0.000000000000000000e+00 -0.000000000000000000e+00 0.000000000000000000e+00 -0.000000000000000000e+00 -0.000000000000000000e+00 -0.000000000000000000e+00
-0.000000000000000000e+00 -0.000000000000000000e+00 -0.000000000000000000e+00 -0.000000000000000000e+00 0.000000000000000000e+00 -0.000000000000000000e+00 0.000000000000000000e+00 -0.000000000000000000e+00 -0.000000000000000000e+00 -0.000000000000000000e+00
-0.000000000000000000e+00 -0.000000000000000000e+00 -0.000000000000000000e+00 -0.000000000000000000e+00 0.000000000000000000e+00 -0.000000000000000000e+00 0.000000000000000000e+00 -0.000000000000000000e+00 -0.000000000000000000e+00 -0.000000000000000000e+00
-0.000000000000000000e+00 -0.000000000000000000e+00 -0.000000000000000000e+00 -0.000000000000000000e+00 0.000000000000000000e+00 -0.000000000000000000e+00 0.000000000000000000e+00 -0.000000000000000000e+00 -0.000000000000000000e+00 -0.000000000000000000e+00
-0.000000000000000000e+00 -0.000000000000000000e+00 -0.000000000000000000e+00 -0.000000000000000000e+00 0.000000000000000000e+00 -0.000000000000000000e+00 0.000000000000000000e+00 -0.000000000000000000e+00 -0.000000000000000000e+00 -0.000000000000000000e+00
-0.000000000000000000e+00 -0.000000000000000000e+00 -0.000000000000000000e+00 -0.000000000000000000e+00 0.000000000000000000e+00 -0.000000000000000000e+00 0.000000000000000000e+00 -0.000000000000000000e+00 -0.000000000000000000e+00 -0.000000000000000000e+00
-0.000000000000000000e+00 -0.000000000000000000e+00 -0.000000000000000000e+00 -0.000000000000000000e+00 0.000000000000000000e+00 -0.000000000000000000e+00 0.000000000000000000e+00 -0.000000000000000000e+00 -0.000000000000000000e+00 -0.000000000000000000e+00
-0.000000000000000000e+00 -0.000000000000000000e+00 -0.000000000000000000e+00 -0.000000000000000000e+00 0.000000000000000000e+00 -0.000000000000000000e+00 0.000000000000000000e+00 -0.000000000000000000e+00 -0.000000000000000000e+00 -0.000000000000000000e+00
-0.000000000000000000e+00 -0.000000000000000000e+00 -0.000000000000000000e+00 -0.000000000000000000e+00 0.000000000000000000e+00 -0.000000000000000000e+00 0.000000000000000000e+00 -0.000000000000000000e+00 -0.000000000000000000e+00 -0.000000000000000000e+00
-0.000000000000000000e+00 -0.000000000000000000e+00 -0.000000000000000000e+00 -0.000000000000000000e+00 0.000000000000000000e+00 -0.000000000000000000e+00 0.000000000000000000e+00 -0.000000000000000000e+00 -0.000000000000000000e+00 -0.000000000000000000e+00
-0.000000000000000000e+00 -0.000000000000000000e+00 -0.000000000000000000e+00 -0.000000000000000000e+00 0.000000000000000000e+00 -0.000000000000000000e+00 0.000000000000000000e+00 -0.000000000000000000e+00 -0.000000000000000000e+00 -0.000000000000000000e+00
-0.000000000000000000e+00 -0.000000000000000000e+00 -0.000000000000000000e+00 -0.000000000000000000e+00 0.000000000000000000e+00 -0.000000000000000000e+00 0.000000000000000000e+00 -0.000000000000000000e+00 -0.000000000000000000e+00 -0.000000000000000000e+00
-0.000000000000000000e+00 -0.000000000000000000e+00 -0.000000000000000000e+00 -0.000000000000000000e+00 0.000000000000000000e+00 -0.000000000000000000e+00 0.000000000000000000e+00 -0.000000000000000000e+00 -0.000000000000000000e+00 -0.000000000000000000e+00
-0.000000000000000000e+00 -0.000000000000000000e+00 -0.000000000000000000e+00 -0.000000000000000000e+00 0.000000000000000000e+00 -0.000000000000000000e+00 0.000000000000000000e+00 -0.000000000000000000e+00 -0.000000000000000000e+00 -0.000000000000000000e+00
-0.000000000000000000e+00 -0.000000000000000000e+00 -0.000000000000000000e+00 -0.000000000000000000e+00 0.000000000000000000e+00 -0.000000000000000000e+00 0.000000000000000000e+00 -0.000000000000000000e+00 -0.000000000000000000e+00 -0.000000000000000000e+00
-0.000000000000000000e+00 -0.000000000000000000e+00 -0.000000000000000000e+00 -0.000000000000000000e+00 0.000000000000000000e+00 -0.000000000000000000e+00 0.000000000000000000e+00 -0.000000000000000000e+00 -0.000000000000000000e+00 -0.000000000000000000e+00
-0.000000000000000000e+00 -0.000000000000000000e+00 -0.000000000000000000e+00 -0.000000000000000000e+00 0.000000000000000000e+00 -0.000000000000000000e+00 0.000000000000000000e+00 -0.000000000000000000e+00 -0.000000000000000000e+00 -0.000000000000000000e+00
-0.000000000000000000e+00 -0.000000000000000000e+00 -0.000000000000000000e+00 -0.000000000000000000e+00 0.000000000000000000e+00 -0.000000000000000000e+00 0.000000000000000000e+00 -0.000000000000000000e+00 -0.000000000000000000e+00 -0.000000000000000000e+00
-0.000000000000000000e+00 -0.000000000000000000e+00 -0.000000000000000000e+00 -0.000000000000000000e+00 0.000000000000000000e+00 -0.000000000000000000e+00 0.000000000000000000e+00 -0.000000000000000000e+00 -0.000000000000000000e+00 -0.000000000000000000e+00
-0.000000000000000000e+00 -0.000000000000000000e+00 -0.000000000000000000e+00 -0.000000000000000000e+00 0.000000000000000000e+00 -0.000000000000000000e+00 0.000000000000000000e+00 -0.000000000000000000e+00 -0.000000000000000000e+00 -0.000000000000000000e+00
-0.000000000000000000e+00 -0.000000000000000000e+00 -0.000000000000000000e+00 -0.000000000000000000e+00 0.000000000000000000e+00 -0.000000000000000000e+00 0.000000000000000000e+00 -0.000000000000000000e+00 -0.000000000000000000e+00 -0.000000000000000000e+00
-7.609128763070152502e-07 5.249551814632806042e-06 4.083260988598053417e-06 5.860578726800266952e-06 5.049345788511959162e-06 -1.015922205444103463e-06 1.064883542998624291e-06 6.536647780634594031e-06 4.679248439367845316e-06 4.777902958405024433e-06
-3.718449294881086247e-07 5.860111728519241570e-06 -1.123795117601741066e-08 5.128194045485616462e-06 -5.017026845204719886e-07 3.182654214431860351e-06 -3.480543776545901772e-07 5.224966392811940381e-06 4.592833173164422061e-06 3.679301099060232024e-06
5.266476769942788545e-06 2.752085412362622324e-06 1.112265309231423983e-06 1.946101954136389229e-06 5.435222069351475026e-06 1.751720332275948040e-07 2.146165927281602935e-06 1.640137008771710721e-06 2.445328363879078094e-06 1.294624982497122421e-06
5.195972833160115398e-06 1.433643314118867226e-06 6.875515675399472194e-08 3.310826946445345195e-06 4.316602491872045119e-06 2.021918272881043723e-06 2.814355909970898644e-07 1.608656365309810720e-06 2.841348300751572006e-06 2.733869146230513962e-06
3.487884412070058398e-06 4.113180052023837750e-07 4.870892479611934462e-06 2.490399489504522958e-06 4.641888063025620607e-07 -1.988474051043618063e-06 6.642294025329138102e-07 6.519835518427224058e-06 4.980305980968209138e-06 -5.352592368718617308e-07
5.007147599426168817e-06 2.092012563614326087e-07 1.007322047376187777e-06 2.774728485822742347e-06 -9.428263971857123300e-07 -2.289955148297852811e-06 2.257556355150178055e-06 2.599415063791610897e-06 4.097443675229719596e-08 -4.486894122265214660e-08
4.628034371065146837e-06 5.708572482412913091e-06 1.623052375486708418e-07 2.373141744268645400e-06 -3.099136023335571712e-07 -1.235225426122548258e-06 2.745855214642769048e-06 4.050814470856115267e-06 2.007394814121250302e-06 2.644351870940559935e-06
4.153296433628565983e-06 1.716758780232558398e-06 2.979099065169695306e-06 1.617503354360104691e-06 4.000889750627929638e-06 1.422801374979037807e-06 4.246439184934992618e-06 3.555607797440077353e-06 -1.804919711391528224e-07 -5.368829038146390419e-07
1.798115323096472167e-06 2.929106830983723356e-06 6.226833156348499458e-07 1.809800543961721609e-06 1.883872762110968470e-06 2.136130503708559977e-06 3.416042891042556881e-06 1.435572036686365683e-06 3.142436592149239098e-06 2.163655659601535604e-06
2.080289697636479629e-06 1.783445455151588380e-06 4.287596481250431728e-06 6.401145461179698100e-06 3.013774935764312638e-06 1.551216882192293163e-07 -4.188494072223545012e-07 4.101275904008028033e-06 4.553359956515827292e-06 3.851914662143268374e-06
-0.000000000000000000e+00 -0.000000000000000000e+00 -0.000000000000000000e+00 -0.000000000000000000e+00 0.000000000000000000e+00 -0.000000000000000000e+00 0.000000000000000000e+00 -0.000000000000000000e+00 -0.000000000000000000e+00 -0.000000000000000000e+00
-0.000000000000000000e+00 -0.000000000000000000e+00 -0.000000000000000000e+00 -0.000000000000000000e+00 0.000000000000000000e+00 -0.000000000000000000e+00 0.000000000000000000e+00 -0.000000000000000000e+00 -0.000000000000000000e+00 -0.000000000000000000e+00
-0.000000000000000000e+00 -0.000000000000000000e+00 -0.000000000000000000e+00 -0.000000000000000000e+00 0.000000000000000000e+00 -0.000000000000000000e+00 0.000000000000000000e+00 -0.000000000000000000e+00 -0.000000000000000000e+00 -0.000000000000000000e+00
-0.000000000000000000e+00 -0.000000000000000000e+00 -0.000000000000000000e+00 -0.000000000000000000e+00 0.000000000000000000e+00 -0.000000000000000000e+00 0.000000000000000000e+00 -0.000000000000000000e+00 -0.000000000000000000e+00 -0.000000000000000000e+00
-0.000000000000000000e+00 -0.000000000000000000e+00 -0.000000000000000000e+00 -0.000000000000000000e+00 0.000000000000000000e+00 -0.000000000000000000e+00 0.000000000000000000e+00 -0.000000000000000000e+00 -0.000000000000000000e+00 -0.000000000000000000e+00
-0.000000000000000000e+00 -0.000000000000000000e+00 -0.000000000000000000e+00 -0.000000000000000000e+00 0.000000000000000000e+00 -0.000000000000000000e+00 0.000000000000000000e+00 -0.000000000000000000e+00 -0.000000000000000000e+00 -0.000000000000000000e+00
-0.000000000000000000e+00 -0.000000000000000000e+00 -0.000000000000000000e+00 -0.000000000000000000e+00 0.000000000000000000e+00 -0.000000000000000000e+00 0.000000000000000000e+00 -0.000000000000000000e+00 -0.000000000000000000e+00 -0.000000000000000000e+00
-0.000000000000000000e+00 -0.000000000000000000e+00 -0.000000000000000000e+00 -0.000000000000000000e+00 0.000000000000000000e+00 -0.000000000000000000e+00 0.000000000000000000e+00 -0.000000000000000000e+00 -0.000000000000000000e+00 -0.000000000000000000e+00
-0.000000000000000000e+00 -0.000000000000000000e+00 -0.000000000000000000e+00 -0.000000000000000000e+00 0.000000000000000000e+00 -0.000000000000000000e+00 0.000000000000000000e+00 -0.000000000000000000e+00 -0.000000000000000000e+00 -0.000000000000000000e+00
-0.000000000000000000e+00 -0.000000000000000000e+00 -0.000000000000000000e+00 -0.000000000000000000e+00 0.000000000000000000e+00 -0.000000000000000000e+00 0.000000000000000000e+00 -0.000000000000000000e+00 -0.000000000000000000e+00 -0.000000000000000000e+00
-3.965864832598693815e-06 7.476683966273212587e-06 5.243047622062275498e-05 2.212578074437681914e-05 -5.661421411464296423e-05 -7.520744968382758256e-05 -8.033119477217267462e-05 2.196496071968752828e-05 -1.290528490327440977e-05 -2.326104312569991369e-05
-7.734951302847211556e-05 -8.933121019827071113e-05 -9.034965749040557010e-05 -6.048729634038593793e-05 -5.521781462413455521e-06 -2.173695378656305188e-05 -1.241477798601274668e-05 -9.307408387798674716e-05 -7.751130603997832282e-05 -3.660262783275305737e-05
-2.875685208743875487e-05 -5.697216613536821482e-05 1.224744163790160092e-06 -4.712730518063278356e-05 -1.310578970194936190e-05 5.753242944044997948e-06 -5.957380405721800362e-05 -8.122598722502215849e-05 -4.626897768470162139e-05 -2.022868644528090390e-05
-6.265939188982973468e-05 -1.624115776842823079e-05 9.059261121278181926e-05 7.386939859170341940e-05 -6.232096537147008633e-05 -6.950226248786588819e-05 -1.086073010497802099e-04 5.844417262123501261e-05 -5.520341507274946610e-05 2.148018650576965081e-06
-1.444748091723412020e-05 -1.074844491537843994e-04 -1.599913699316110399e-04 -9.980635243369890988e-05 3.025794436504324560e-05 2.692483676050072401e-05 3.328270712300527739e-06 -1.853283708919733141e-04 -2.221679470597597868e-05 -4.304702580749058096e-05
-2.951596133108485025e-05 6.948213267148706564e-06 -1.382365532323645446e-05 4.688627481515903566e-06 -1.042159403169430649e-05 -4.711071245271796218e-06 -3.713175694614020202e-05 -2.287110302675385428e-05 -5.569740556823784644e-05 -4.622944634870668033e-05
-3.186692352890316201e-05 -7.595183440745226320e-05 -5.896595286171488063e-05 -6.401062440885805247e-05 -7.643738968982357560e-06 -2.343924238733886665e-07 -3.216243327725793177e-05 -1.294151395707730367e-04 -9.758951067928534165e-06 -5.527314327854688841e-05
-3.120665559978720544e-05 -7.057143314546753107e-05 -4.279563180428071987e-05 -6.974541832782557658e-05 7.948489186813006738e-07 2.949731390903609631e-05 -9.914090672568031008e-06 -1.239413157620825761e-04 -8.725974629664273889e-06 -6.079024381328344508e-05
-6.834680951555192159e-05 -1.837369143208135772e-05 -6.618701005291178574e-05 -1.105641987412671437e-04 -2.511240100362774357e-05 -1.984379767870746045e-06 -2.022879517536667056e-05 -1.171052104022076443e-04 6.213943265898312799e-06 -2.264575777031081874e-06
-4.494156475102191684e-05 -6.784064483751266552e-05 -4.845583019539440039e-05 -1.881321517001990814e-05 -7.072490390200892880e-05 -8.665215802894342954e-05 -8.612812012403956677e-05 1.790569789246652957e-05 -5.297776489563340170e-05 -7.179304151138378952e-05
5.804075667938839435e-06 8.081335650028057295e-07 6.473699019171709137e-06 2.080059867821163714e-06 5.287519258670815965e-07 6.990228824153597523e-06 4.325076067018613550e-06 5.241402488486000442e-06 5.563715255118284498e-06 3.312009696322501367e-07
1.501906207848120894e-06 6.584061311502244945e-06 5.797249111852550638e-06 2.792891567767458844e-06 5.037512408466559044e-06 5.188696796945858609e-06 7.636740107920952654e-06 2.524112606034184442e-06 5.699277161880421566e-06 -1.419518775182032461e-07
5.631565848581207958e-06 3.576066759483583565e-06 2.878995693225139060e-06 1.008919293608710432e-05 1.161668455687617435e-07 -1.566333592656293228e-07 1.576815811656998093e-06 7.124605596869693529e-06 4.233181328644245218e-06 3.859982145105853096e-06
6.222846341833539099e-06 4.631748327549615671e-06 1.152519835989521120e-05 2.308453938565186538e-06 1.006798236326224995e-06 6.049502004384860983e-07 3.124334801906751335e-07 9.771529540088509400e-06 2.453858070673332395e-06 7.492651413902671893e-07
6.449235369074286160e-07 7.227476133731235469e-06 1.206914798799057951e-05 5.006486501034439829e-06 1.236009534516124457e-06 4.203025570427328586e-06 -3.399770529599236498e-07 2.930295161385290986e-06 1.355661901947855244e-06 6.479998015878982080e-06
-4.536292748610569870e-07 7.506346872892151230e-06 2.414377068856850009e-06 4.636523357323409372e-06 3.302405953006542720e-06 5.659472017191630416e-06 4.228803773952530997e-06 7.342311514714588374e-06 3.286048742174654762e-06 8.113271926941393174e-06
6.514392607988891288e-06 4.974217728003503003e-06 3.101428190942969644e-06 8.629765595665348375e-06 5.347835502457069246e-06 -1.189747231108487461e-07 7.170800498434591352e-06 4.123810151895996843e-06 -1.395395420905192053e-06 2.787368420808056717e-06
6.794334930441723211e-06 4.690758685741524827e-06 5.256466648834981914e-06 9.785655219272966154e-06 4.926161489309397322e-06 6.770149632436522909e-06 -3.219268476121126166e-07 8.863343401568114855e-06 5.383413063554380148e-06 3.196443683260971030e-06
7.200071716806176521e-06 8.429027435560313770e-06 5.979180559163765097e-06 1.155237091980100326e-05 8.403706387404786125e-06 -2.948830355108970365e-08 2.873513412471065141e-06 5.241918596823806311e-06 -1.004386450632505385e-06 4.990238917122217244e-06
1.515830055998652298e-06 8.137350883745012942e-06 1.223839735147858444e-05 5.590541965238466627e-06 4.274626981631279312e-06 6.419677818995619813e-06 3.706869195976279790e-06 1.238182946806956294e-05 8.158378638458303598e-06 1.306926528461840078e-06
-3.189158913250011322e-09 4.022947075502264212e-07 9.525585108543996417e-07 5.438003874007023955e-07 -1.836801607813485456e-07 -5.599211097628763857e-08 -3.043356075286922205e-07 8.360744415689856583e-07 -3.874656594107092865e-08 1.946832714694078459e-07
-3.507002937034435344e-09 4.138885440428494594e-07 9.802118159411405643e-07 5.598943991371302291e-07 -1.890822171084243647e-07 -5.818322601532750937e-08 -3.129465781091159299e-07 8.609364990836328942e-07 -4.020789601814675285e-08 2.000938110831394809e-07
-3.603206417236712366e-09 4.341626563155821531e-07 1.027895879754604837e-06 5.868268718241553282e-07 -1.981890054500946142e-07 -6.030489715064428683e-08 -3.285309933993345233e-07 9.019307081163900605e-07 -4.183568254403112633e-08 2.099908760204777008e-07
-3.642228494696064644e-09 4.362953920874825912e-07 1.033633365068208760e-06 5.906869175156056745e-07 -1.995107993450178849e-07 -6.198955358249024529e-08 -3.297980965611558637e-07 9.086298791190243702e-07 -4.256479958430123028e-08 2.109676651753557942e-07
-3.339614595609815855e-09 4.184483299467203259e-07 9.907944372794799453e-07 5.652930847923315780e-07 -1.909393535481458013e-07 -5.766216762936921732e-08 -3.167218293137268792e-07 8.689322667858205235e-07 -4.014194104371597998e-08 2.025806187966533830e-07
-3.540981274589833292e-09 4.264677815675020995e-07 1.009750109054631320e-06 5.767349954276442943e-07 -1.947171602908762828e-07 -5.974955328464446451e-08 -3.223214967828771009e-07 8.868424805673249486e-07 -4.125653740130249006e-08 2.061890231230269017e-07
-3.352397509674687645e-09 4.127444390618381541e-07 9.769114610949689998e-07 5.577412803827375558e-07 -1.883555549908376675e-07 -5.723647492955574361e-08 -3.122219319646084154e-07 8.572431694445367870e-07 -3.969817599748611114e-08 1.995615996816148756e-07
-3.383928083389750629e-09 4.228613346076623738e-07 1.001313067154455524e-06 5.716244221059023384e-07 -1.930781147836325776e-07 -5.885667905953180732e-08 -3.199280399160328471e-07 8.788269844093592775e-07 -4.072397077451983135e-08 2.046441291772578511e-07
-3.368248960668546133e-09 4.272746105981704662e-07 1.011391744804683714e-06 5.771914931365482872e-07 -1.949196402601181193e-07 -5.884124502611818081e-08 -3.234987999272374806e-07 8.868472812533136869e-07 -4.094114740056702880e-08 2.067237534388878943e-07
-3.529843770929540414e-09 4.011153808001244256e-07 9.503902595184703117e-07 5.432795080276058033e-07 -1.835075948581312634e-07 -5.739115550449359164e-08 -3.030027376178060611e-07 8.359117631386336856e-07 -3.936956056023812614e-08 1.938276989421977308e-07
1.075415932724668971e-06 6.759671967538705656e-06 1.354419196611603900e-05 6.300556741567751748e-06 -2.446905943734072513e-06 1.634085835340691179e-06 -5.412493270604510261e-06 9.268177205817829632e-06 3.319274839595902422e-07 3.885943247565010151e-06
6.887830269696010724e-07 6.399128882854399396e-06 1.351956949147912301e-05 6.569582392390989810e-06 -2.506040128928940292e-06 1.374662306753881984e-06 -5.285695541638179908e-06 9.048378072008430225e-06 5.953612337747032469e-07 3.694379114048499823e-06
8.636935252920307043e-07 6.393685646618011440e-06 1.356056858982040616e-05 6.899519327441113673e-06 -2.606363060692807712e-06 1.407571911306035274e-06 -5.060992249765039797e-06 8.858569976972692527e-06 4.695397330980357971e-07 3.707990955020794046e-06
6.391455484729223167e-07 5.990391876064610857e-06 1.350013943444757246e-05 6.316518422127546768e-06 -2.511723474772397324e-06 1.406632706887636596e-06 -5.632477775996978343e-06 8.872786490276739961e-06 1.288484184234842576e-07 3.704919575779884680e-06
6.362566345734809836e-07 6.620285286934080138e-06 1.374287164156205390e-05 6.738877005729475247e-06 -2.584230163838021796e-06 1.568612107419589505e-06 -5.440434788759902079e-06 9.081924897756033896e-06 4.713244700458631581e-07 3.694860192887332228e-06
6.622263915169539542e-07 6.125288647279728013e-06 1.341955405331624007e-05 6.583592885507524648e-06 -2.489258943873109989e-06 1.783798306939625051e-06 -5.243082063767866371e-06 8.481496322005850481e-06 5.450773341608209031e-08 3.075110230580211692e-06
2.989614036613530869e-07 6.340571076560060319e-06 1.248814580366570706e-05 6.446385182426962682e-06 -1.895194289409659451e-06 1.482512390621778557e-06 -5.758758306112722279e-06 9.232848266899587421e-06 1.023756239283367268e-07 4.007820196383285771e-06
5.283497119300999862e-07 7.127971775646523289e-06 1.288017714059807008e-05 7.124770738824634328e-06 -2.472901247895243143e-06 7.557995310428951489e-07 -4.585459935445251772e-06 9.076749639845188135e-06 -3.628317939060958859e-07 3.756344741712657017e-06
-4.635406274053758651e-07 4.254112476305248231e-06 1.109278531069408779e-05 5.646412272312655423e-06 -3.247058639803405033e-07 2.843636206058956901e-06 -7.236898260281602191e-06 6.955537747767031074e-06 2.001717136473203156e-06 1.377345602918242970e-06
1.073664930245086690e-06 7.039528245347187765e-06 1.386209854361234058e-05 8.763716785694979368e-06 -4.145023389890108120e-06 -1.063794875752343108e-07 -6.294612295565941751e-06 9.499997228357933462e-06 2.246598748314642165e-06 2.793048463654464582e-06
0.000000000000000000e+00 0.000000000000000000e+00 0.000000000000000000e+00 0.000000000000000000e+00 0.000000000000000000e+00 0.000000000000000000e+00 -0.000000000000000000e+00 0.000000000000000000e+00 0.000000000000000000e+00 0.000000000000000000e+00
0.000000000000000000e+00 0.000000000000000000e+00 0.000000000000000000e+00 0.000000000000000000e+00 0.000000000000000000e+00 0.000000000000000000e+00 -0.000000000000000000e+00 0.000000000000000000e+00 0.000000000000000000e+00 0.000000000000000000e+00
0.000000000000000000e+00 0.000000000000000000e+00 0.000000000000000000e+00 0.000000000000000000e+00 0.000000000000000000e+00 0.000000000000000000e+00 -0.000000000000000000e+00 0.000000000000000000e+00 0.000000000000000000e+00 0.000000000000000000e+00
0.000000000000000000e+00 0.000000000000000000e+00 0.000000000000000000e+00 0.000000000000000000e+00 0.000000000000000000e+00 0.000000000000000000e+00 -0.000000000000000000e+00 0.000000000000000000e+00 0.000000000000000000e+00 0.000000000000000000e+00
0.000000000000000000e+00 0.000000000000000000e+00 0.000000000000000000e+00 0.000000000000000000e+00 0.000000000000000000e+00 0.000000000000000000e+00 -0.000000000000000000e+00 0.000000000000000000e+00 0.000000000000000000e+00 0.000000000000000000e+00
0.000000000000000000e+00 0.000000000000000000e+00 0.000000000000000000e+00 0.000000000000000000e+00 0.000000000000000000e+00 0.000000000000000000e+00 -0.000000000000000000e+00 0.000000000000000000e+00 0.000000000000000000e+00 0.000000000000000000e+00
0.000000000000000000e+00 0.000000000000000000e+00 0.000000000000000000e+00 0.000000000000000000e+00 0.000000000000000000e+00 0.000000000000000000e+00 -0.000000000000000000e+00 0.000000000000000000e+00 0.000000000000000000e+00 0.000000000000000000e+00
0.000000000000000000e+00 0.000000000000000000e+00 0.000000000000000000e+00 0.000000000000000000e+00 0.000000000000000000e+00 0.000000000000000000e+00 -0.000000000000000000e+00 0.000000000000000000e+00 0.000000000000000000e+00 0.000000000000000000e+00
0.000000000000000000e+00 0.000000000000000000e+00 0.000000000000000000e+00 0.000000000000000000e+00 0.000000000000000000e+00 0.000000000000000000e+00 -0.000000000000000000e+00 0.000000000000000000e+00 0.000000000000000000e+00 0.000000000000000000e+00
0.000000000000000000e+00 0.000000000000000000e+00 0.000000000000000000e+00 0.000000000000000000e+00 0.000000000000000000e+00 0.000000000000000000e+00 -0.000000000000000000e+00 0.000000000000000000e+00 0.000000000000000000e+00 0.000000000000000000e+00
0.000000000000000000e+00 0.000000000000000000e+00 0.000000000000000000e+00 0.000000000000000000e+00 0.000000000000000000e+00 0.000000000000000000e+00 -0.000000000000000000e+00 0.000000000000000000e+00 0.000000000000000000e+00 0.000000000000000000e+00
0.000000000000000000e+00 0.000000000000000000e+00 0.000000000000000000e+00 -0.000000000000000000e+00 0.000000000000000000e+00 0.000000000000000000e+00 -0.000000000000000000e+00 0.000000000000000000e+00 0.000000000000000000e+00 0.000000000000000000e+00
-0.000000000000000000e+00 -0.000000000000000000e+00 -0.000000000000000000e+00 0.000000000000000000e+00 -0.000000000000000000e+00 -0.000000000000000000e+00 -0.000000000000000000e+00 -0.000000000000000000e+00 -0.000000000000000000e+00 -0.000000000000000000e+00
0.000000000000000000e+00 -0.000000000000000000e+00 -0.000000000000000000e+00 0.000000000000000000e+00 -0.000000000000000000e+00 -0.000000000000000000e+00 -0.000000000000000000e+00 0.000000000000000000e+00 -0.000000000000000000e+00 -0.000000000000000000e+00
-0.000000000000000000e+00 -0.000000000000000000e+00 -0.000000000000000000e+00 0.000000000000000000e+00 -0.000000000000000000e+00 -0.000000000000000000e+00 -0.000000000000000000e+00 0.000000000000000000e+00 -0.000000000000000000e+00 -0.000000000000000000e+00
-0.000000000000000000e+00 -0.000000000000000000e+00 -0.000000000000000000e+00 0.000000000000000000e+00 -0.000000000000000000e+00 -0.000000000000000000e+00 -0.000000000000000000e+00 0.000000000000000000e+00 -0.000000000000000000e+00 -0.000000000000000000e+00
-0.000000000000000000e+00 -0.000000000000000000e+00 -0.000000000000000000e+00 0.000000000000000000e+00 -0.000000000000000000e+00 -0.000000000000000000e+00 -0.000000000000000000e+00 0.000000000000000000e+00 -0.000000000000000000e+00 -0.000000000000000000e+00
0.000000000000000000e+00 0.000000000000000000e+00 0.000000000000000000e+00 0.000000000000000000e+00 -0.000000000000000000e+00 0.000000000000000000e+00 -0.000000000000000000e+00 0.000000000000000000e+00 0.000000000000000000e+00 0.000000000000000000e+00
0.000000000000000000e+00 0.000000000000000000e+00 0.000000000000000000e+00 0.000000000000000000e+00 0.000000000000000000e+00 0.000000000000000000e+00 0.000000000000000000e+00 0.000000000000000000e+00 0.000000000000000000e+00 0.000000000000000000e+00
-0.000000000000000000e+00 -0.000000000000000000e+00 -0.000000000000000000e+00 0.000000000000000000e+00 -0.000000000000000000e+00 -0.000000000000000000e+00 -0.000000000000000000e+00 0.000000000000000000e+00 -0.000000000000000000e+00 -0.000000000000000000e+00
0.000000000000000000e+00 0.000000000000000000e+00 0.000000000000000000e+00 0.000000000000000000e+00 -0.000000000000000000e+00 -0.000000000000000000e+00 -0.000000000000000000e+00 0.000000000000000000e+00 -0.000000000000000000e+00 0.000000000000000000e+00
-0.000000000000000000e+00 0.000000000000000000e+00 0.000000000000000000e+00 0.000000000000000000e+00 -0.000000000000000000e+00 -0.000000000000000000e+00 -0.000000000000000000e+00 0.000000000000000000e+00 -0.000000000000000000e+00 -0.000000000000000000e+00
-0.000000000000000000e+00 0.000000000000000000e+00 0.000000000000000000e+00 0.000000000000000000e+00 -0.000000000000000000e+00 -0.000000000000000000e+00 -0.000000000000000000e+00 0.000000000000000000e+00 -0.000000000000000000e+00 -0.000000000000000000e+00
0.000000000000000000e+00 0.000000000000000000e+00 0.000000000000000000e+00 0.000000000000000000e+00 0.000000000000000000e+00 0.000000000000000000e+00 -0.000000000000000000e+00 0.000000000000000000e+00 0.000000000000000000e+00 0.000000000000000000e+00
0.000000000000000000e+00 0.000000000000000000e+00 0.000000000000000000e+00 0.000000000000000000e+00 -0.000000000000000000e+00 0.000000000000000000e+00 -0.000000000000000000e+00 0.000000000000000000e+00 0.000000000000000000e+00 0.000000000000000000e+00
0.000000000000000000e+00 0.000000000000000000e+00 0.000000000000000000e+00 0.000000000000000000e+00 -0.000000000000000000e+00 0.000000000000000000e+00 -0.000000000000000000e+00 0.000000000000000000e+00 0.000000000000000000e+00 0.000000000000000000e+00
-0.000000000000000000e+00 0.000000000000000000e+00 0.000000000000000000e+00 0.000000000000000000e+00 -0.000000000000000000e+00 -0.000000000000000000e+00 -0.000000000000000000e+00 0.000000000000000000e+00 -0.000000000000000000e+00 0.000000000000000000e+00
0.000000000000000000e+00 0.000000000000000000e+00 0.000000000000000000e+00 0.000000000000000000e+00 -0.000000000000000000e+00 -0.000000000000000000e+00 -0.000000000000000000e+00 0.000000000000000000e+00 -0.000000000000000000e+00 0.000000000000000000e+00
0.000000000000000000e+00 -0.000000000000000000e+00 0.000000000000000000e+00 0.000000000000000000e+00 -0.000000000000000000e+00 -0.000000000000000000e+00 -0.000000000000000000e+00 0.000000000000000000e+00 -0.000000000000000000e+00 -0.000000000000000000e+00
0.000000000000000000e+00 0.000000000000000000e+00 0.000000000000000000e+00 0.000000000000000000e+00 -0.000000000000000000e+00 0.000000000000000000e+00 -0.000000000000000000e+00 0.000000000000000000e+00 0.000000000000000000e+00 0.000000000000000000e+00
-1.895736415942506916e-05 -8.847581028910855188e-06 -8.374085230579173813e-07 -1.622348590804122075e-05 -1.315145483937456853e-05 -1.641344884000282017e-05 -9.552413303892933545e-07 -1.257809794393290574e-05 -3.272015610891450776e-06 -2.104584874439951575e-05
-2.004456610270525199e-07 2.295816169266572491e-06 -1.884096726615988441e-05 -7.301585242387364408e-06 -1.752288834027885937e-05 1.693148247404919585e-06 -9.867739298223275791e-06 -2.441193743078051676e-05 -1.738569932110194615e-05 2.490032692579137166e-07
-4.761293179561584940e-06 -1.570941866265203329e-05 -2.013756889246306225e-05 -7.634207075033081763e-06 -1.708253465536661064e-05 -1.928504368349011632e-05 -1.405684054172452766e-05 -1.531305479165103586e-06 -5.326109868576887389e-06 -2.272272518319996894e-05
-2.102560961380708937e-05 -2.865745414717915198e-06 -2.362246109068002651e-05 -1.229583524840930245e-05 1.528976936114720739e-06 -2.276540254145711697e-05 -2.151511555616337926e-05 -2.166960308934880192e-06 -2.248889359735017730e-05 -2.280649437985461149e-05
1.895754891716444262e-06 -5.932206525455580469e-06 2.177920725560445748e-06 -2.351401323749368398e-05 -6.685559611920366642e-06 -1.674660976126784371e-05 -4.557862857942532801e-06 -1.425707031029070120e-06 -1.929327967942283300e-05 -1.549774946350216458e-05
-1.626646217574434432e-05 -2.147158204987990372e-05 -9.182831035264816819e-06 -2.163689088105140871e-05 -4.919385589055440841e-06 -1.583505427656595519e-05 -2.240962867658107812e-05 -2.095605195930758974e-06 -1.008370462243323718e-06 -9.529517160638621738e-06
-7.127569939763616787e-06 -7.851580930813936398e-06 -9.342332845286989939e-06 -7.044339843877801683e-06 -1.986421867432957468e-05 -1.958077058025968527e-05 -2.235703983205928136e-05 -2.217604281614318440e-05 -7.298071222658054452e-06 -2.207820663341765292e-05
-1.142021667982064235e-05 -1.071579772240198994e-05 -8.309267170623350527e-06 -1.192419856992122912e-05 -2.425342786630809789e-05 -1.833837088038580982e-05 -8.480752277198938999e-06 -7.111622438286189662e-06 -1.059562455620263608e-05 -5.699081676664012223e-06
-7.680346973695292083e-06 -9.618632697959142027e-06 -1.506051517102730086e-05 -2.617219400901250018e-06 -4.959433747395687021e-07 -5.096712681262601807e-06 -1.029489787451922105e-05 -4.684873492003074104e-07 -1.813982838309343757e-06 -4.918045447143087976e-06
-1.838256086060427826e-05 -1.803899549890182240e-06 -2.375634490386443505e-05 -1.359290887104044117e-05 -2.392557743315472315e-05 -1.969694519647574567e-06 -1.157671845055865916e-05 -1.089318682977933440e-05 -3.729798811253242822e-06 -2.419310282473267307e-05
5.381306765200169471e-06 1.633264169469074686e-05 -1.545840167542366844e-07 1.115746177989942729e-06 6.424110905749836232e-07 6.661312601154743962e-06 2.797655832082152237e-06 1.538873434742768040e-05 1.712286130168253588e-05 8.473591535177279720e-06
4.718266901491711412e-06 9.073653601863652558e-07 5.950058730450923081e-06 1.659757010388267503e-05 1.251239309804632762e-06 1.287729305282453589e-06 1.394679492755407299e-05 1.813317175872546860e-06 1.397524889967684886e-06 9.208962120845237307e-06
5.174669173200128969e-06 3.968396585424148981e-06 1.652297368027868935e-05 9.245246891369150475e-06 1.361923769926993674e-06 1.097761029764193336e-05 1.987331817819229642e-06 1.056398694969185056e-05 2.247308861913422035e-06 1.632176439322223017e-05
7.827532412268250531e-06 5.286963637530292249e-06 7.617252715989809245e-06 1.349584235191707540e-05 1.072481949817900729e-05 -1.137052226605789721e-08 1.271901122291882572e-05 1.875625962332560260e-07 -3.604508198585820112e-07 1.384215221335343676e-05
1.889531827869217392e-06 5.423405201219594296e-06 1.534661687245732236e-05 5.834705786139783134e-06 7.858018726416423778e-06 1.397708985017066084e-05 7.806681994070385529e-07 8.763923236817044667e-06 8.509005465966735642e-06 4.496185008030519523e-06
9.298581386961276760e-06 1.306805791263977932e-05 1.200638966926718177e-05 1.528300941031103736e-05 1.650581548295005973e-05 8.772119818305195227e-06 1.287138233885334102e-05 1.335154575843633055e-05 1.191789073005715599e-05 4.108567903483709248e-06
1.142485152767298515e-05 6.171521193155861920e-06 1.562505249289049055e-05 6.193322827657206476e-06 3.756424806224675628e-06 4.428036853203334028e-06 1.749061467293507498e-06 2.806645883591230741e-06 2.450672736038085446e-06 1.753818416893319210e-06
4.565435404920687698e-07 7.089030317641959478e-06 7.464981142597737691e-06 1.231882346566737175e-05 1.257942904258816051e-05 7.873266687860159030e-06 4.240804644460589863e-06 2.029187319709171813e-06 1.404992922680034309e-06 6.411968406997373391e-06
1.291067010243771621e-05 3.242461038673792467e-06 1.655087985192137118e-05 9.083818889505442746e-06 8.858193753884735920e-06 8.039447181999306177e-06 4.461928046800501078e-06 4.369873547752816780e-06 1.050511428321579165e-05 1.652458053819561004e-05
1.531328736582666668e-07 6.690406834933461168e-06 6.250341818348363450e-06 9.768302714965067444e-06 4.439456814310789789e-06 8.771758351251613499e-06 2.069398062505139956e-06 2.506852843992425538e-06 6.996705326591895097e-06 1.493086656108959300e-05
0.000000000000000000e+00 0.000000000000000000e+00 0.000000000000000000e+00 0.000000000000000000e+00 0.000000000000000000e+00 0.000000000000000000e+00 -0.000000000000000000e+00 0.000000000000000000e+00 0.000000000000000000e+00 0.000000000000000000e+00
0.000000000000000000e+00 0.000000000000000000e+00 0.000000000000000000e+00 0.000000000000000000e+00 0.000000000000000000e+00 0.000000000000000000e+00 -0.000000000000000000e+00 0.000000000000000000e+00 0.000000000000000000e+00 0.000000000000000000e+00
0.000000000000000000e+00 0.000000000000000000e+00 0.000000000000000000e+00 0.000000000000000000e+00 0.000000000000000000e+00 0.000000000000000000e+00 -0.000000000000000000e+00 0.000000000000000000e+00 0.000000000000000000e+00 0.000000000000000000e+00
0.000000000000000000e+00 0.000000000000000000e+00 0.000000000000000000e+00 0.000000000000000000e+00 0.000000000000000000e+00 0.000000000000000000e+00 -0.000000000000000000e+00 0.000000000000000000e+00 0.000000000000000000e+00 0.000000000000000000e+00
0.000000000000000000e+00 0.000000000000000000e+00 0.000000000000000000e+00 0.000000000000000000e+00 0.000000000000000000e+00 0.000000000000000000e+00 -0.000000000000000000e+00 0.000000000000000000e+00 0.000000000000000000e+00 0.000000000000000000e+00
0.000000000000000000e+00 0.000000000000000000e+00 0.000000000000000000e+00 0.000000000000000000e+00 0.000000000000000000e+00 0.000000000000000000e+00 -0.000000000000000000e+00 0.000000000000000000e+00 0.000000000000000000e+00 0.000000000000000000e+00
-0.000000000000000000e+00 0.000000000000000000e+00 0.000000000000000000e+00 -0.000000000000000000e+00 0.000000000000000000e+00 0.000000000000000000e+00 0.000000000000000000e+00 0.000000000000000000e+00 0.000000000000000000e+00 0.000000000000000000e+00
0.000000000000000000e+00 0.000000000000000000e+00 0.000000000000000000e+00 0.000000000000000000e+00 0.000000000000000000e+00 0.000000000000000000e+00 -0.000000000000000000e+00 0.000000000000000000e+00 0.000000000000000000e+00 0.000000000000000000e+00
0.000000000000000000e+00 0.000000000000000000e+00 0.000000000000000000e+00 0.000000000000000000e+00 0.000000000000000000e+00 0.000000000000000000e+00 -0.000000000000000000e+00 0.000000000000000000e+00 0.000000000000000000e+00 0.000000000000000000e+00
0.000000000000000000e+00 0.000000000000000000e+00 0.000000000000000000e+00 0.000000000000000000e+00 0.000000000000000000e+00 0.000000000000000000e+00 -0.000000000000000000e+00 0.000000000000000000e+00 0.000000000000000000e+00 0.000000000000000000e+00
0.000000000000000000e+00 -0.000000000000000000e+00 -0.000000000000000000e+00 -0.000000000000000000e+00 0.000000000000000000e+00 0.000000000000000000e+00 0.000000000000000000e+00 -0.000000000000000000e+00 0.000000000000000000e+00 0.000000000000000000e+00
0.000000000000000000e+00 -0.000000000000000000e+00 -0.000000000000000000e+00 -0.000000000000000000e+00 0.000000000000000000e+00 0.000000000000000000e+00 0.000000000000000000e+00 -0.000000000000000000e+00 0.000000000000000000e+00 0.000000000000000000e+00
0.000000000000000000e+00 -0.000000000000000000e+00 0.000000000000000000e+00 0.000000000000000000e+00 -0.000000000000000000e+00 -0.000000000000000000e+00 -0.000000000000000000e+00 0.000000000000000000e+00 -0.000000000000000000e+00 0.000000000000000000e+00
0.000000000000000000e+00 0.000000000000000000e+00 0.000000000000000000e+00 0.000000000000000000e+00 -0.000000000000000000e+00 0.000000000000000000e+00 -0.000000000000000000e+00 0.000000000000000000e+00 0.000000000000000000e+00 0.000000000000000000e+00
0.000000000000000000e+00 -0.000000000000000000e+00 0.000000000000000000e+00 0.000000000000000000e+00 -0.000000000000000000e+00 -0.000000000000000000e+00 -0.000000000000000000e+00 0.000000000000000000e+00 -0.000000000000000000e+00 -0.000000000000000000e+00
0.000000000000000000e+00 -0.000000000000000000e+00 0.000000000000000000e+00 0.000000000000000000e+00 -0.000000000000000000e+00 -0.000000000000000000e+00 -0.000000000000000000e+00 0.000000000000000000e+00 -0.000000000000000000e+00 0.000000000000000000e+00
0.000000000000000000e+00 -0.000000000000000000e+00 0.000000000000000000e+00 0.000000000000000000e+00 -0.000000000000000000e+00 -0.000000000000000000e+00 -0.000000000000000000e+00 0.000000000000000000e+00 -0.000000000000000000e+00 -0.000000000000000000e+00
-0.000000000000000000e+00 -0.000000000000000000e+00 -0.000000000000000000e+00 0.000000000000000000e+00 -0.000000000000000000e+00 -0.000000000000000000e+00 0.000000000000000000e+00 0.000000000000000000e+00 -0.000000000000000000e+00 -0.000000000000000000e+00
0.000000000000000000e+00 0.000000000000000000e+00 0.000000000000000000e+00 0.000000000000000000e+00 -0.000000000000000000e+00 -0.000000000000000000e+00 -0.000000000000000000e+00 0.000000000000000000e+00 -0.000000000000000000e+00 0.000000000000000000e+00
-0.000000000000000000e+00 -0.000000000000000000e+00 -0.000000000000000000e+00 -0.000000000000000000e+00 -0.000000000000000000e+00 -0.000000000000000000e+00 0.000000000000000000e+00 0.000000000000000000e+00 -0.000000000000000000e+00 -0.000000000000000000e+00
-0.000000000000000000e+00 -0.000000000000000000e+00 -0.000000000000000000e+00 0.000000000000000000e+00 -0.000000000000000000e+00 -0.000000000000000000e+00 -0.000000000000000000e+00 0.000000000000000000e+00 -0.000000000000000000e+00 -0.000000000000000000e+00
-0.000000000000000000e+00 -0.000000000000000000e+00 -0.000000000000000000e+00 0.000000000000000000e+00 -0.000000000000000000e+00 -0.000000000000000000e+00 -0.000000000000000000e+00 0.000000000000000000e+00 -0.000000000000000000e+00 -0.000000000000000000e+00
-0.000000000000000000e+00 -0.000000000000000000e+00 -0.000000000000000000e+00 0.000000000000000000e+00 -0.000000000000000000e+00 -0.000000000000000000e+00 -0.000000000000000000e+00 0.000000000000000000e+00 -0.000000000000000000e+00 -0.000000000000000000e+00
-0.000000000000000000e+00 -0.000000000000000000e+00 -0.000000000000000000e+00 0.000000000000000000e+00 -0.000000000000000000e+00 -0.000000000000000000e+00 -0.000000000000000000e+00 0.000000000000000000e+00 -0.000000000000000000e+00 -0.000000000000000000e+00
-0.000000000000000000e+00 -0.000000000000000000e+00 -0.000000000000000000e+00 0.000000000000000000e+00 -0.000000000000000000e+00 -0.000000000000000000e+00 -0.000000000000000000e+00 0.000000000000000000e+00 -0.000000000000000000e+00 -0.000000000000000000e+00
-0.000000000000000000e+00 -0.000000000000000000e+00 -0.000000000000000000e+00 0.000000000000000000e+00 -0.000000000000000000e+00 -0.000000000000000000e+00 -0.000000000000000000e+00 0.000000000000000000e+00 -0.000000000000000000e+00 -0.000000000000000000e+00
-0.000000000000000000e+00 -0.000000000000000000e+00 -0.000000000000000000e+00 0.000000000000000000e+00 -0.000000000000000000e+00 -0.000000000000000000e+00 -0.000000000000000000e+00 0.000000000000000000e+00 -0.000000000000000000e+00 -0.000000000000000000e+00
-0.000000000000000000e+00 -0.000000000000000000e+00 -0.000000000000000000e+00 0.000000000000000000e+00 -0.000000000000000000e+00 -0.000000000000000000e+00 -0.000000000000000000e+00 0.000000000000000000e+00 -0.000000000000000000e+00 -0.000000000000000000e+00
-0.000000000000000000e+00 -0.000000000000000000e+00 -0.000000000000000000e+00 0.000000000000000000e+00 -0.000000000000000000e+00 -0.000000000000000000e+00 -0.000000000000000000e+00 0.000000000000000000e+00 -0.000000000000000000e+00 -0.000000000000000000e+00
-0.000000000000000000e+00 -0.000000000000000000e+00 -0.000000000000000000e+00 0.000000000000000000e+00 -0.000000000000000000e+00 -0.000000000000000000e+00 -0.000000000000000000e+00 0.000000000000000000e+00 -0.000000000000000000e+00 -0.000000000000000000e+00
6.234512546993842992e-06 -5.194917537069274588e-07 7.228897272321065082e-06 1.929221230354152169e-05 5.695446055499938769e-06 -8.292495668360185272e-06 -2.910660793110074377e-06 1.245070895140665717e-05 2.512648041126122760e-06 1.391064394393060684e-06
8.625933296684350470e-06 7.536386807372611977e-06 1.136453707695137345e-05 8.888737993345374491e-06 7.558831648906453981e-06 4.580746674950027646e-06 1.077606644780218381e-06 -4.007556207378276794e-07 8.408562601486463324e-06 7.630365326410043183e-06
1.390232796237403818e-05 2.216936148213333370e-05 2.292526106282072253e-05 -3.449183900609985680e-06 4.106695905817847443e-06 2.629898574270271236e-05 4.775451186107792583e-06 5.682170599256558829e-06 2.076292033484137916e-05 2.775915742739279031e-05
-1.178987054111248783e-06 -1.310566550371956725e-06 -2.538454583633920753e-06 6.291488854835480520e-06 5.705449218952331916e-06 -4.577918688602462202e-06 2.364059862951015807e-06 2.989000106436123558e-06 -3.604331882195000305e-06 2.504109976661486317e-07
1.392169289102558441e-05 2.209394366081039528e-05 2.014363374939504437e-05 5.202258298983763829e-07 7.601879131280233028e-06 2.265220474276450672e-05 1.139961712478191385e-05 -1.391036602108448490e-06 2.206886497532973071e-05 2.333809104921468923e-05
3.103364526904463552e-06 6.365314729970040159e-06 8.791380342190608104e-06 9.936229628064009595e-06 -1.900855922115602494e-06 -1.433483377775644656e-06 1.574244992745544262e-06 1.116339016654489019e-05 1.330568873274577083e-07 4.590594936458263022e-07
4.499808615896788625e-06 1.496809640260944801e-05 1.486069642925581532e-05 -8.926290442167666826e-07 4.395226992915758181e-06 1.362807638082089720e-05 8.498360263935329548e-06 -2.167928467509785994e-06 9.259638530048436777e-06 1.618663434678740609e-05
4.107757083098148399e-06 4.012303081089639970e-06 1.214094465652232825e-05 2.313183658066134585e-06 -4.299201104006902516e-06 -1.869353367055792980e-06 -9.689781457879364970e-06 2.293212498325182871e-06 -1.251699075215857715e-07 1.022345675740867029e-06
4.502057334638992423e-06 1.480592304318834776e-05 1.203528038637511743e-05 4.235701110713810712e-06 -6.698739498365573326e-06 4.461686585887366887e-06 -5.064520346689090387e-06 -1.547722193947995416e-06 9.454549790116956032e-06 1.596989645370244096e-05
4.635426300175179035e-07 3.292188519725785232e-07 1.021962959981917728e-05 2.070230773348160681e-05 -2.602525328273905088e-06 -1.233167388969519008e-05 -2.833807614384325704e-06 1.802701577267600046e-05 -4.960102570812949146e-06 -5.531769558233618490e-06
-5.065139266906522542e-06 -8.011674071861022071e-06 -4.051921392966109477e-06 2.091436926349360932e-05 -1.541958755204026740e-05 -4.261902716676529024e-05 -3.624635832248232020e-05 8.001443799065239659e-06 -9.934549734579000083e-06 -2.487752562654868405e-05
9.805793203154650646e-08 -1.546292059850182740e-05 5.068137001641522094e-06 1.720267443538290650e-05 -1.225184644349747703e-05 -3.506695563820795683e-05 -3.490150309698680325e-05 3.562872653484928078e-06 -1.845395855020570580e-05 -2.243838156051906199e-05
-3.866007621503799454e-06 -1.143945920410630787e-05 -6.111491579386649263e-06 1.777408999525450717e-05 -1.282383936699092671e-05 -4.476108901691646497e-05 -2.180993868282734673e-05 1.283404982408034337e-05 -1.197732261536695421e-05 -1.861963224130592877e-05
-8.495599222011817337e-06 -6.560673395195182521e-06 6.366398792764802569e-06 2.594361834166129601e-05 -9.607487990168245916e-06 -3.722534904525513896e-05 -2.360079945171327212e-05 -2.770186761505975457e-06 -9.865421573351807334e-06 -1.442705193966673240e-05
3.959930293630071884e-06 -1.027079699814169962e-05 -5.796782705984057860e-06 3.478849130731735256e-05 -1.018682837243564898e-05 -3.201001760800508100e-05 -2.544852995656819668e-05 1.435201042444658213e-06 -2.107426129574957574e-05 -6.760832286333561725e-06
4.007121234821075498e-06 -9.705251638125658365e-06 -1.109886542321931481e-05 2.104511120417952767e-05 -2.123834867842120088e-05 -2.934873691920964541e-05 -1.642766634094673862e-05 6.705872418624111806e-06 -2.651956023473732918e-05 -2.262874030823260792e-05
-1.227059490627294010e-05 -1.534645139608678766e-05 6.321761417429683180e-06 1.591288197666615879e-05 -1.037123843921160334e-05 -4.551552472952087537e-05 -2.450607649012563694e-05 1.299874476463236591e-05 -2.692296233418530491e-05 -1.691431881639434684e-05
-3.987906648202538227e-06 -1.804010736246361004e-06 8.304004611799812424e-08 2.657403333214687405e-05 -1.008757769803734820e-05 -3.865994330048518529e-05 -2.442400261811270560e-05 1.469090050293916191e-05 -2.045928498844529634e-05 -1.088903885995996011e-05
-5.608413659000705635e-06 -5.126529291104099095e-06 -2.702861232726125313e-06 2.264629824882004639e-05 -9.240530310336376185e-06 -4.017294685850157892e-05 -1.880387036306708568e-05 7.289099750379712544e-06 -2.020950092813449548e-05 -1.309516565534084355e-05
-2.457132104035876228e-06 -1.172476505483293624e-05 -1.375551958166520000e-05 3.301752663385569108e-05 -1.137920456883352943e-05 -2.824792356694758204e-05 -1.440118591330147375e-05 9.247924803399836273e-06 -2.136041965939367373e-05 -1.537826484185580699e-05
1.179987163442860217e-06 1.441695369619389849e-05 -9.219611078413752250e-06 -2.954564052697534692e-06 6.876113662686219418e-06 4.347819883427930075e-07 3.099219729781014568e-06 1.518494899348430235e-05 6.302964713551652069e-06 5.638744272779205498e-06
-9.756244753806205854e-06 9.972660604535516318e-06 -2.315297915132211937e-06 8.544997111364229813e-06 -3.140892755924963311e-06 -3.125291836258477601e-06 -1.444338444038559137e-05 -6.870279925403509576e-06 6.690666730058745513e-06 8.290111230018534688e-06
1.656565995146254918e-05 8.692451074009925079e-06 -6.035284611680192682e-06 -2.703804037289002967e-06 2.713289109433661085e-06 8.259373602943839308e-06 -1.182115061376863994e-05 8.262798423130724080e-06 -9.017202289823144054e-06 1.068161019870552876e-05
8.056885752912758131e-07 -1.593308825645058398e-05 -1.668610632932467428e-05 -2.351972607186421217e-05 -7.370302049560856615e-06 9.250588984283179055e-06 7.301060391215551529e-06 -2.785647778783064034e-05 -1.733572770021265736e-06 5.161652217456447264e-06
9.771911419936523259e-06 2.122871823029603885e-05 1.583417014185501957e-05 1.215617586799216483e-05 1.051764524586597558e-05 -1.087029939196740897e-05 1.049326195441191025e-05 2.521785322251818038e-05 1.715568369383317374e-05 7.802134815169565826e-06
-6.877541761938454044e-06 3.201626838278061144e-06 1.051723027003133575e-05 7.069943842956571530e-06 -9.358762265117638151e-07 -4.958543618385238928e-07 1.040946840842880259e-05 1.911557067349047381e-05 9.036030660877976981e-06 7.821853984574583017e-08
1.892796622466866492e-05 3.047391647814418661e-05 2.238810198683606663e-05 2.711480417300676842e-05 -6.756954873416912105e-06 -1.014675632036316870e-05 -8.680489998753931826e-06 2.648846462442584513e-05 1.348677579020708160e-05 -2.167495557605157478e-06
1.439710494866663053e-05 -2.421167209726680659e-05 8.216726172958679621e-06 -1.630627878918726806e-05 1.021292052157965629e-05 6.352728304429023238e-08 2.270258943860861374e-07 -2.704182583818371375e-06 2.895014241675025238e-06 2.797964783225594078e-06
-5.026758284317388080e-06 -1.171518493981409584e-05 1.041500942691384893e-05 1.647798608377535538e-05 -1.124020761577402227e-06 9.724410569951680614e-06 4.772576776434847534e-06 2.975068576087811529e-06 -2.258999228940957516e-06 1.318536771825647226e-05
-9.948073560016969781e-06 -1.179502874134512581e-06 5.674345972344725825e-06 -1.908057181679283655e-05 -7.566639807986084191e-06 2.081249115831853829e-05 5.074249364064031642e-07 -1.553438155948488528e-05 -5.586818575366712711e-07 2.102782625993758939e-06
6.565614002389825790e-06 -5.089963751102074120e-06 1.404791880426192273e-05 -1.766009815308735968e-05 1.036389236507505827e-05 2.557877599143025679e-05 -3.493388663688760120e-06 -5.496893981006929495e-06 -9.899012925144870361e-07 1.022656951114247062e-05
-8.621787366855811061e-06 1.546880027885029612e-06 7.566906045612226242e-06 -1.626418262657353060e-05 1.225019818032909412e-05 2.682126259394243290e-05 -3.926463799642738009e-06 -5.894271342919396729e-06 1.242498330565564622e-05 1.827163890682777946e-06
1.212255002414099431e-06 1.677264945399603268e-05 7.998884290949066702e-06 5.118306017258306821e-06 4.581656523871928569e-06 2.036790782410894353e-05 2.659330473791288014e-06 -1.039214729237320867e-05 -1.334910432795752367e-06 3.138851016346892502e-06
-4.288891917144336887e-06 2.640238276733124886e-06 1.810816195156492465e-05 -1.096906662897113408e-06 8.186204546204050073e-06 1.991459964810420144e-05 -4.157649498853238306e-07 -2.977545296572145623e-06 1.044970874446212216e-05 -7.586692157714087485e-07
-6.690078969639734294e-06 1.509782132439861832e-05 1.333026734387391258e-05 6.359732304808035278e-06 -3.536054386744271159e-06 6.250674896266503379e-06 -2.436595379474832231e-06 -1.662432391934392361e-06 8.303091338935200277e-07 4.996641648868268946e-06
5.862546708420335454e-07 -4.322974952282082016e-06 1.166485977583932515e-05 -1.690074093977338363e-05 1.124121623281913555e-05 2.040091940192854987e-05 3.454879501410716344e-06 -8.078045694873977429e-06 -2.965424383053341534e-06 -5.528849727052546511e-06
-4.584304534027382906e-06 -8.058790516070673610e-07 2.872812105028210028e-06 -1.123617924708191136e-05 2.939889024338139367e-06 2.495100105361184405e-05 1.022635950683360271e-05 -1.038797454827059982e-05 7.726345012339866307e-06 4.719730632442433307e-06
-6.372238921275543841e-06 1.837834972579382206e-05 1.371392861812172493e-05 9.522058020254280599e-06 -6.676663413141891688e-06 1.944202338307048178e-05 1.150892959326092948e-05 6.227352356998360728e-06 3.379207701675396610e-06 -3.007498542494936607e-06
1.904997791117138415e-06 8.003934317074333502e-06 1.349461826710992436e-05 2.273902950260266391e-06 1.024028308159129333e-05 1.156470642256298490e-05 5.538764186185543114e-06 -2.699563232914316148e-06 -1.458105377614167480e-06 -7.764007781684431495e-07
3.204297810437458917e-06 1.706472142177936852e-05 1.025776903291982756e-05 7.484674814414962293e-06 -4.737524602978337505e-06 2.341197058290387718e-06 2.261099730493826473e-06 1.411863639725463294e-05 1.666395230161204453e-05 2.155862482778549865e-05
