0.000000000000000000e+00 -0.000000000000000000e+00 -0.000000000000000000e+00 0.000000000000000000e+00 0.000000000000000000e+00 0.000000000000000000e+00 0.000000000000000000e+00 -0.000000000000000000e+00 0.000000000000000000e+00 0.000000000000000000e+00
0.000000000000000000e+00 -0.000000000000000000e+00 -0.000000000000000000e+00 0.000000000000000000e+00 0.000000000000000000e+00 0.000000000000000000e+00 0.000000000000000000e+00 -0.000000000000000000e+00 0.000000000000000000e+00 0.000000000000000000e+00
0.000000000000000000e+00 -0.000000000000000000e+00 -0.000000000000000000e+00 0.000000000000000000e+00 0.000000000000000000e+00 0.000000000000000000e+00 0.000000000000000000e+00 -0.000000000000000000e+00 0.000000000000000000e+00 0.000000000000000000e+00
0.000000000000000000e+00 -0.000000000000000000e+00 0.000000000000000000e+00 0.000000000000000000e+00 0.000000000000000000e+00 0.000000000000000000e+00 0.000000000000000000e+00 -0.000000000000000000e+00 0.000000000000000000e+00 0.000000000000000000e+00
0.000000000000000000e+00 -0.000000000000000000e+00 -0.000000000000000000e+00 0.000000000000000000e+00 0.000000000000000000e+00 0.000000000000000000e+00 0.000000000000000000e+00 -0.000000000000000000e+00 0.000000000000000000e+00 0.000000000000000000e+00
0.000000000000000000e+00 -0.000000000000000000e+00 -0.000000000000000000e+00 0.000000000000000000e+00 0.000000000000000000e+00 0.000000000000000000e+00 0.000000000000000000e+00 -0.000000000000000000e+00 0.000000000000000000e+00 0.000000000000000000e+00
0.000000000000000000e+00 -0.000000000000000000e+00 -0.000000000000000000e+00 0.000000000000000000e+00 0.000000000000000000e+00 0.000000000000000000e+00 0.000000000000000000e+00 -0.000000000000000000e+00 0.000000000000000000e+00 0.000000000000000000e+00
0.000000000000000000e+00 -0.000000000000000000e+00 -0.000000000000000000e+00 0.000000000000000000e+00 0.000000000000000000e+00 0.000000000000000000e+00 0.000000000000000000e+00 -0.000000000000000000e+00 0.000000000000000000e+00 0.000000000000000000e+00
0.000000000000000000e+00 -0.000000000000000000e+00 -0.000000000000000000e+00 0.000000000000000000e+00 0.000000000000000000e+00 0.000000000000000000e+00 0.000000000000000000e+00 -0.000000000000000000e+00 0.000000000000000000e+00 0.000000000000000000e+00
0.000000000000000000e+00 -0.000000000000000000e+00 -0.000000000000000000e+00 0.000000000000000000e+00 0.000000000000000000e+00 0.000000000000000000e+00 0.000000000000000000e+00 -0.000000000000000000e+00 0.000000000000000000e+00 0.000000000000000000e+00
0.000000000000000000e+00 -0.000000000000000000e+00 -0.000000000000000000e+00 0.000000000000000000e+00 0.000000000000000000e+00 0.000000000000000000e+00 -0.000000000000000000e+00 -0.000000000000000000e+00 0.000000000000000000e+00 0.000000000000000000e+00
-0.000000000000000000e+00 -0.000000000000000000e+00 -0.000000000000000000e+00 -0.000000000000000000e+00 -0.000000000000000000e+00 0.000000000000000000e+00 -0.000000000000000000e+00 -0.000000000000000000e+00 0.000000000000000000e+00 0.000000000000000000e+00
0.000000000000000000e+00 0.000000000000000000e+00 0.000000000000000000e+00 0.000000000000000000e+00 0.000000000000000000e+00 0.000000000000000000e+00 0.000000000000000000e+00 0.000000000000000000e+00 -0.000000000000000000e+00 -0.000000000000000000e+00
0.000000000000000000e+00 -0.000000000000000000e+00 -0.000000000000000000e+00 -0.000000000000000000e+00 -0.000000000000000000e+00 0.000000000000000000e+00 -0.000000000000000000e+00 -0.000000000000000000e+00 0.000000000000000000e+00 0.000000000000000000e+00
0.000000000000000000e+00 -0.000000000000000000e+00 0.000000000000000000e+00 0.000000000000000000e+00 0.000000000000000000e+00 0.000000000000000000e+00 0.000000000000000000e+00 -0.000000000000000000e+00 0.000000000000000000e+00 0.000000000000000000e+00
0.000000000000000000e+00 0.000000000000000000e+00 0.000000000000000000e+00 0.000000000000000000e+00 0.000000000000000000e+00 0.000000000000000000e+00 0.000000000000000000e+00 0.000000000000000000e+00 0.000000000000000000e+00 0.000000000000000000e+00
0.000000000000000000e+00 -0.000000000000000000e+00 -0.000000000000000000e+00 0.000000000000000000e+00 0.000000000000000000e+00 0.000000000000000000e+00 -0.000000000000000000e+00 -0.000000000000000000e+00 0.000000000000000000e+00 0.000000000000000000e+00
0.000000000000000000e+00 -0.000000000000000000e+00 -0.000000000000000000e+00 -0.000000000000000000e+00 0.000000000000000000e+00 0.000000000000000000e+00 -0.000000000000000000e+00 -0.000000000000000000e+00 0.000000000000000000e+00 0.000000000000000000e+00
0.000000000000000000e+00 0.000000000000000000e+00 0.000000000000000000e+00 0.000000000000000000e+00 0.000000000000000000e+00 0.000000000000000000e+00 0.000000000000000000e+00 0.000000000000000000e+00 0.000000000000000000e+00 0.000000000000000000e+00
0.000000000000000000e+00 -0.000000000000000000e+00 -0.000000000000000000e+00 -0.000000000000000000e+00 -0.000000000000000000e+00 0.000000000000000000e+00 -0.000000000000000000e+00 -0.000000000000000000e+00 0.000000000000000000e+00 0.000000000000000000e+00
-7.043787160987372138e-06 -2.429297256342254478e-05 -6.025563216748552593e-06 -4.521073964381051116e-06 -1.919074173800252873e-05 -9.336713483719074857e-06 -1.464740119196116674e-05 -3.653221189766777969e-06 -4.158224598230084461e-07 -6.476745847897481535e-06
-1.282085251692808855e-05 -2.100059312561267978e-05 -8.743504241161944912e-06 8.576362200706404781e-07 -9.316899544539112478e-06 -1.379321720134221863e-05 -5.062688472284959184e-06 -1.086850612614523289e-05 4.357238168347352903e-06 -8.865160776410536822e-06
-1.374485005750620287e-05 -1.518432774270907127e-05 -2.730360157326457019e-06 -2.199637812205688001e-06 -5.856053213282639793e-06 -1.660971314081685253e-05 -6.927992859710565803e-06 -1.245151200654008923e-05 4.891092402112605225e-06 -1.137257363083642177e-05
-1.604107838622140402e-05 -1.778197349034064736e-05 -3.064615252898257805e-06 1.709943313281541918e-06 -1.509636875491506912e-05 -1.181451908610017447e-05 -6.185842336498679185e-06 -1.192010213564833536e-05 -3.425748448847443827e-06 -7.774298903095725930e-06
-7.005925454906008809e-06 -8.118232068992200326e-07 -1.153926649799151190e-05 -3.865170812869071542e-07 -9.864518568244810069e-06 -1.137599920098165324e-05 -1.168322451643343417e-05 -2.893113623357991550e-06 -6.584598594911236783e-07 -6.134152567910154750e-06
-1.232678040792722076e-05 -2.115762432800443658e-05 -1.513054023184457883e-06 5.662584023834626418e-06 -1.772407281166982519e-05 -1.800192995405707519e-05 -1.334253626427948529e-05 -1.195498280996315237e-05 2.398456973074038385e-06 -5.294646485233876862e-06
-4.657827353110882667e-06 8.855617222746563588e-07 -8.104558919415792416e-06 -1.728518342462957388e-06 -3.603630385691240721e-07 -1.023561813158781006e-05 1.466240510414766441e-06 9.145141949710160397e-07 -2.703803886831227490e-06 -5.785368663158561236e-06
-1.977615209650464480e-06 -8.403122044219928701e-06 -1.248086419003123955e-05 -7.431727286697370290e-06 -1.061642265512741178e-05 -1.660694916640193029e-06 -1.008876249924955231e-05 -9.374214781444593309e-06 -1.150919205393192231e-05 -9.956917291086701927e-06
-9.792106544558354633e-06 -9.497911128881734056e-06 -3.753250570974775440e-06 -4.865723201600646781e-06 -1.697947776918735263e-05 -1.608659474409339200e-05 -2.174062158673963172e-06 -1.329853797704129946e-05 -2.212914420300624090e-06 -7.789715088504328317e-06
-7.989314843236640520e-07 -9.136256873405831940e-06 -1.128982583478730379e-05 -2.658756810298262418e-06 -5.689554689894322775e-06 -8.661655185080972084e-06 -4.211814615222437872e-06 -6.757016606560201494e-06 -8.572535698546864148e-06 -9.912925211240950028e-06
0.000000000000000000e+00 0.000000000000000000e+00 0.000000000000000000e+00 0.000000000000000000e+00 0.000000000000000000e+00 0.000000000000000000e+00 0.000000000000000000e+00 0.000000000000000000e+00 -0.000000000000000000e+00 -0.000000000000000000e+00
0.000000000000000000e+00 0.000000000000000000e+00 0.000000000000000000e+00 0.000000000000000000e+00 0.000000000000000000e+00 0.000000000000000000e+00 0.000000000000000000e+00 0.000000000000000000e+00 -0.000000000000000000e+00 0.000000000000000000e+00
0.000000000000000000e+00 0.000000000000000000e+00 0.000000000000000000e+00 0.000000000000000000e+00 0.000000000000000000e+00 -0.000000000000000000e+00 0.000000000000000000e+00 0.000000000000000000e+00 -0.000000000000000000e+00 -0.000000000000000000e+00
0.000000000000000000e+00 0.000000000000000000e+00 0.000000000000000000e+00 0.000000000000000000e+00 0.000000000000000000e+00 0.000000000000000000e+00 0.000000000000000000e+00 0.000000000000000000e+00 -0.000000000000000000e+00 -0.000000000000000000e+00
0.000000000000000000e+00 0.000000000000000000e+00 0.000000000000000000e+00 0.000000000000000000e+00 0.000000000000000000e+00 0.000000000000000000e+00 0.000000000000000000e+00 0.000000000000000000e+00 -0.000000000000000000e+00 -0.000000000000000000e+00
0.000000000000000000e+00 0.000000000000000000e+00 0.000000000000000000e+00 0.000000000000000000e+00 0.000000000000000000e+00 0.000000000000000000e+00 0.000000000000000000e+00 0.000000000000000000e+00 -0.000000000000000000e+00 -0.000000000000000000e+00
0.000000000000000000e+00 0.000000000000000000e+00 0.000000000000000000e+00 0.000000000000000000e+00 0.000000000000000000e+00 0.000000000000000000e+00 0.000000000000000000e+00 0.000000000000000000e+00 -0.000000000000000000e+00 -0.000000000000000000e+00
0.000000000000000000e+00 0.000000000000000000e+00 0.000000000000000000e+00 0.000000000000000000e+00 0.000000000000000000e+00 0.000000000000000000e+00 0.000000000000000000e+00 0.000000000000000000e+00 -0.000000000000000000e+00 0.000000000000000000e+00
0.000000000000000000e+00 0.000000000000000000e+00 0.000000000000000000e+00 0.000000000000000000e+00 0.000000000000000000e+00 0.000000000000000000e+00 0.000000000000000000e+00 0.000000000000000000e+00 -0.000000000000000000e+00 -0.000000000000000000e+00
0.000000000000000000e+00 0.000000000000000000e+00 0.000000000000000000e+00 0.000000000000000000e+00 0.000000000000000000e+00 0.000000000000000000e+00 0.000000000000000000e+00 0.000000000000000000e+00 -0.000000000000000000e+00 -0.000000000000000000e+00
0.000000000000000000e+00 0.000000000000000000e+00 0.000000000000000000e+00 0.000000000000000000e+00 0.000000000000000000e+00 -0.000000000000000000e+00 0.000000000000000000e+00 0.000000000000000000e+00 -0.000000000000000000e+00 -0.000000000000000000e+00
0.000000000000000000e+00 0.000000000000000000e+00 0.000000000000000000e+00 0.000000000000000000e+00 0.000000000000000000e+00 -0.000000000000000000e+00 0.000000000000000000e+00 0.000000000000000000e+00 -0.000000000000000000e+00 -0.000000000000000000e+00
0.000000000000000000e+00 0.000000000000000000e+00 0.000000000000000000e+00 0.000000000000000000e+00 0.000000000000000000e+00 -0.000000000000000000e+00 0.000000000000000000e+00 0.000000000000000000e+00 -0.000000000000000000e+00 -0.000000000000000000e+00
0.000000000000000000e+00 0.000000000000000000e+00 0.000000000000000000e+00 0.000000000000000000e+00 0.000000000000000000e+00 -0.000000000000000000e+00 0.000000000000000000e+00 0.000000000000000000e+00 -0.000000000000000000e+00 -0.000000000000000000e+00
0.000000000000000000e+00 0.000000000000000000e+00 0.000000000000000000e+00 0.000000000000000000e+00 0.000000000000000000e+00 -0.000000000000000000e+00 0.000000000000000000e+00 0.000000000000000000e+00 -0.000000000000000000e+00 -0.000000000000000000e+00
0.000000000000000000e+00 0.000000000000000000e+00 0.000000000000000000e+00 0.000000000000000000e+00 0.000000000000000000e+00 -0.000000000000000000e+00 0.000000000000000000e+00 0.000000000000000000e+00 -0.000000000000000000e+00 -0.000000000000000000e+00
0.000000000000000000e+00 0.000000000000000000e+00 0.000000000000000000e+00 0.000000000000000000e+00 0.000000000000000000e+00 -0.000000000000000000e+00 0.000000000000000000e+00 0.000000000000000000e+00 -0.000000000000000000e+00 -0.000000000000000000e+00
0.000000000000000000e+00 0.000000000000000000e+00 0.000000000000000000e+00 0.000000000000000000e+00 0.000000000000000000e+00 -0.000000000000000000e+00 0.000000000000000000e+00 0.000000000000000000e+00 -0.000000000000000000e+00 -0.000000000000000000e+00
0.000000000000000000e+00 0.000000000000000000e+00 0.000000000000000000e+00 0.000000000000000000e+00 0.000000000000000000e+00 -0.000000000000000000e+00 0.000000000000000000e+00 0.000000000000000000e+00 -0.000000000000000000e+00 -0.000000000000000000e+00
0.000000000000000000e+00 0.000000000000000000e+00 0.000000000000000000e+00 0.000000000000000000e+00 0.000000000000000000e+00 -0.000000000000000000e+00 0.000000000000000000e+00 0.000000000000000000e+00 -0.000000000000000000e+00 -0.000000000000000000e+00
0.000000000000000000e+00 0.000000000000000000e+00 0.000000000000000000e+00 0.000000000000000000e+00 0.000000000000000000e+00 -0.000000000000000000e+00 0.000000000000000000e+00 0.000000000000000000e+00 -0.000000000000000000e+00 -0.000000000000000000e+00
0.000000000000000000e+00 0.000000000000000000e+00 0.000000000000000000e+00 0.000000000000000000e+00 0.000000000000000000e+00 -0.000000000000000000e+00 0.000000000000000000e+00 0.000000000000000000e+00 -0.000000000000000000e+00 -0.000000000000000000e+00
0.000000000000000000e+00 0.000000000000000000e+00 0.000000000000000000e+00 0.000000000000000000e+00 0.000000000000000000e+00 -0.000000000000000000e+00 0.000000000000000000e+00 0.000000000000000000e+00 -0.000000000000000000e+00 -0.000000000000000000e+00
0.000000000000000000e+00 0.000000000000000000e+00 0.000000000000000000e+00 0.000000000000000000e+00 0.000000000000000000e+00 -0.000000000000000000e+00 0.000000000000000000e+00 0.000000000000000000e+00 -0.000000000000000000e+00 -0.000000000000000000e+00
0.000000000000000000e+00 0.000000000000000000e+00 0.000000000000000000e+00 0.000000000000000000e+00 0.000000000000000000e+00 -0.000000000000000000e+00 0.000000000000000000e+00 0.000000000000000000e+00 -0.000000000000000000e+00 -0.000000000000000000e+00
0.000000000000000000e+00 0.000000000000000000e+00 0.000000000000000000e+00 0.000000000000000000e+00 0.000000000000000000e+00 -0.000000000000000000e+00 0.000000000000000000e+00 0.000000000000000000e+00 -0.000000000000000000e+00 -0.000000000000000000e+00
0.000000000000000000e+00 0.000000000000000000e+00 0.000000000000000000e+00 0.000000000000000000e+00 0.000000000000000000e+00 -0.000000000000000000e+00 0.000000000000000000e+00 0.000000000000000000e+00 -0.000000000000000000e+00 -0.000000000000000000e+00
0.000000000000000000e+00 0.000000000000000000e+00 0.000000000000000000e+00 0.000000000000000000e+00 0.000000000000000000e+00 -0.000000000000000000e+00 0.000000000000000000e+00 0.000000000000000000e+00 -0.000000000000000000e+00 -0.000000000000000000e+00
0.000000000000000000e+00 0.000000000000000000e+00 0.000000000000000000e+00 0.000000000000000000e+00 0.000000000000000000e+00 -0.000000000000000000e+00 0.000000000000000000e+00 0.000000000000000000e+00 -0.000000000000000000e+00 -0.000000000000000000e+00
0.000000000000000000e+00 0.000000000000000000e+00 0.000000000000000000e+00 0.000000000000000000e+00 0.000000000000000000e+00 -0.000000000000000000e+00 0.000000000000000000e+00 0.000000000000000000e+00 -0.000000000000000000e+00 -0.000000000000000000e+00
0.000000000000000000e+00 0.000000000000000000e+00 0.000000000000000000e+00 0.000000000000000000e+00 0.000000000000000000e+00 -0.000000000000000000e+00 0.000000000000000000e+00 0.000000000000000000e+00 -0.000000000000000000e+00 -0.000000000000000000e+00
0.000000000000000000e+00 0.000000000000000000e+00 0.000000000000000000e+00 0.000000000000000000e+00 0.000000000000000000e+00 -0.000000000000000000e+00 0.000000000000000000e+00 0.000000000000000000e+00 -0.000000000000000000e+00 -0.000000000000000000e+00
0.000000000000000000e+00 0.000000000000000000e+00 0.000000000000000000e+00 0.000000000000000000e+00 0.000000000000000000e+00 0.000000000000000000e+00 0.000000000000000000e+00 0.000000000000000000e+00 -0.000000000000000000e+00 -0.000000000000000000e+00
0.000000000000000000e+00 0.000000000000000000e+00 0.000000000000000000e+00 0.000000000000000000e+00 0.000000000000000000e+00 0.000000000000000000e+00 0.000000000000000000e+00 0.000000000000000000e+00 -0.000000000000000000e+00 -0.000000000000000000e+00
0.000000000000000000e+00 0.000000000000000000e+00 0.000000000000000000e+00 0.000000000000000000e+00 0.000000000000000000e+00 -0.000000000000000000e+00 0.000000000000000000e+00 0.000000000000000000e+00 -0.000000000000000000e+00 -0.000000000000000000e+00
0.000000000000000000e+00 0.000000000000000000e+00 0.000000000000000000e+00 0.000000000000000000e+00 0.000000000000000000e+00 0.000000000000000000e+00 0.000000000000000000e+00 0.000000000000000000e+00 -0.000000000000000000e+00 -0.000000000000000000e+00
0.000000000000000000e+00 0.000000000000000000e+00 0.000000000000000000e+00 0.000000000000000000e+00 0.000000000000000000e+00 -0.000000000000000000e+00 0.000000000000000000e+00 0.000000000000000000e+00 -0.000000000000000000e+00 -0.000000000000000000e+00
0.000000000000000000e+00 0.000000000000000000e+00 0.000000000000000000e+00 0.000000000000000000e+00 0.000000000000000000e+00 -0.000000000000000000e+00 0.000000000000000000e+00 0.000000000000000000e+00 -0.000000000000000000e+00 -0.000000000000000000e+00
0.000000000000000000e+00 0.000000000000000000e+00 0.000000000000000000e+00 0.000000000000000000e+00 0.000000000000000000e+00 -0.000000000000000000e+00 0.000000000000000000e+00 0.000000000000000000e+00 -0.000000000000000000e+00 -0.000000000000000000e+00
0.000000000000000000e+00 0.000000000000000000e+00 0.000000000000000000e+00 0.000000000000000000e+00 0.000000000000000000e+00 -0.000000000000000000e+00 0.000000000000000000e+00 0.000000000000000000e+00 -0.000000000000000000e+00 -0.000000000000000000e+00
0.000000000000000000e+00 0.000000000000000000e+00 0.000000000000000000e+00 0.000000000000000000e+00 0.000000000000000000e+00 -0.000000000000000000e+00 0.000000000000000000e+00 0.000000000000000000e+00 -0.000000000000000000e+00 -0.000000000000000000e+00
0.000000000000000000e+00 0.000000000000000000e+00 0.000000000000000000e+00 0.000000000000000000e+00 0.000000000000000000e+00 -0.000000000000000000e+00 0.000000000000000000e+00 0.000000000000000000e+00 -0.000000000000000000e+00 -0.000000000000000000e+00
0.000000000000000000e+00 0.000000000000000000e+00 0.000000000000000000e+00 0.000000000000000000e+00 0.000000000000000000e+00 -0.000000000000000000e+00 0.000000000000000000e+00 0.000000000000000000e+00 -0.000000000000000000e+00 -0.000000000000000000e+00
0.000000000000000000e+00 0.000000000000000000e+00 0.000000000000000000e+00 0.000000000000000000e+00 0.000000000000000000e+00 -0.000000000000000000e+00 0.000000000000000000e+00 0.000000000000000000e+00 -0.000000000000000000e+00 -0.000000000000000000e+00
0.000000000000000000e+00 0.000000000000000000e+00 0.000000000000000000e+00 0.000000000000000000e+00 0.000000000000000000e+00 -0.000000000000000000e+00 0.000000000000000000e+00 0.000000000000000000e+00 -0.000000000000000000e+00 -0.000000000000000000e+00
0.000000000000000000e+00 0.000000000000000000e+00 0.000000000000000000e+00 0.000000000000000000e+00 0.000000000000000000e+00 -0.000000000000000000e+00 0.000000000000000000e+00 0.000000000000000000e+00 -0.000000000000000000e+00 -0.000000000000000000e+00
0.000000000000000000e+00 0.000000000000000000e+00 0.000000000000000000e+00 0.000000000000000000e+00 0.000000000000000000e+00 -0.000000000000000000e+00 0.000000000000000000e+00 0.000000000000000000e+00 -0.000000000000000000e+00 -0.000000000000000000e+00
0.000000000000000000e+00 0.000000000000000000e+00 0.000000000000000000e+00 0.000000000000000000e+00 0.000000000000000000e+00 -0.000000000000000000e+00 0.000000000000000000e+00 0.000000000000000000e+00 -0.000000000000000000e+00 -0.000000000000000000e+00
0.000000000000000000e+00 0.000000000000000000e+00 0.000000000000000000e+00 0.000000000000000000e+00 0.000000000000000000e+00 -0.000000000000000000e+00 0.000000000000000000e+00 0.000000000000000000e+00 -0.000000000000000000e+00 -0.000000000000000000e+00
0.000000000000000000e+00 0.000000000000000000e+00 0.000000000000000000e+00 0.000000000000000000e+00 0.000000000000000000e+00 -0.000000000000000000e+00 0.000000000000000000e+00 0.000000000000000000e+00 -0.000000000000000000e+00 -0.000000000000000000e+00
9.263664246658127692e-06 2.494142034603098667e-05 8.439640753490805166e-06 1.698741359195733151e-07 1.826026335774675130e-05 2.265459554078478813e-05 1.225458882444992576e-05 1.913332576991596114e-05 4.914632330357918527e-06 1.078409666995830205e-05
1.072953701449195350e-05 2.944088345443506488e-05 9.523617069326761327e-06 -4.829349763354915609e-08 2.116646165648583983e-05 2.563616335157770020e-05 1.433354133347304077e-05 2.145281157606433839e-05 4.070173460321040185e-06 1.238592683997836617e-05
1.210735736596073160e-05 3.299158709704184288e-05 1.083175025080021823e-05 8.266860932898707565e-08 2.389115949228130226e-05 2.889877944474798235e-05 1.610607970018337448e-05 2.429764772518898692e-05 4.936168842968408226e-06 1.397248114542763406e-05
1.175798152527950956e-05 3.231774593044653643e-05 1.047646421421738209e-05 9.352058020660944703e-08 2.317984044010220609e-05 2.770190719272050284e-05 1.572375674856179580e-05 2.316576462666200070e-05 4.105478381368687339e-06 1.358030167281648507e-05
1.214447569203070395e-05 3.367680859920044227e-05 1.081085356732323193e-05 -8.706624360895291173e-08 2.409651732791655602e-05 2.885020244364252785e-05 1.625857897177386679e-05 2.407298573483595956e-05 4.098345542086763739e-06 1.402228470664197706e-05
1.061869760092598007e-05 2.842631698953983332e-05 9.833749335586492704e-06 5.664106617719819270e-07 2.078355719625320493e-05 2.565832439159150059e-05 1.423798036666225358e-05 2.182214336941833933e-05 5.640210632879679544e-06 1.245355015754147937e-05
1.034907475730009738e-05 2.871137504347469704e-05 9.182299691762183108e-06 -2.776826787620772456e-07 2.060331698565376866e-05 2.501339925717938997e-05 1.379651903613820950e-05 2.091364940592108855e-05 3.812921299319972440e-06 1.195000014598012039e-05
1.038046247075766037e-05 2.859824393808129905e-05 9.342611893078775728e-06 -1.758762497636974083e-07 2.071710646086934079e-05 2.538098757745487353e-05 1.391085153251154525e-05 2.134173240801672295e-05 4.494077899670402299e-06 1.208142495738451470e-05
1.088958878960670576e-05 2.942462005788446048e-05 9.825388374148137118e-06 3.141390363228648485e-07 2.132245655166596274e-05 2.589206744781977204e-05 1.458682199155438950e-05 2.185400255948941221e-05 4.691233021160175949e-06 1.259017520380470937e-05
1.183335907007397905e-05 3.232108764545253877e-05 1.066137866624404842e-05 1.920481027468685745e-07 2.332431545797498414e-05 2.818312192255752058e-05 1.588514124981078225e-05 2.370721443764933753e-05 4.705842277863865879e-06 1.375560189667715727e-05
-2.711103006573856215e-06 -3.410209557092434992e-05 -2.690278363086252885e-05 4.813754176522444181e-06 -1.275092065921842592e-05 1.612992608643596564e-05 -9.675718530814496343e-06 2.992245848752378918e-06 3.037825840683926762e-05 1.394497882647228562e-05
-1.006935563378272705e-05 -4.418226153326632131e-05 -3.078040109255819411e-05 3.261268400451009203e-06 -6.223695092472312985e-06 4.486119271267574580e-06 -5.043089251495840506e-06 -4.834829914049285196e-06 1.693934814283319085e-05 3.694398012169801702e-05
1.081212938317571674e-05 -2.483406336491418280e-05 -2.618729220348574774e-05 1.770991547568557403e-05 -1.823317036320138668e-05 4.834596357084315003e-06 6.668057431384454708e-06 -1.261778370041763243e-05 1.600961237986396949e-05 2.391489164144465672e-05
9.051243370769817463e-07 -2.553116972632936887e-05 -1.117030541925060473e-05 6.495112514877407706e-06 -7.109293779905205733e-06 9.205522107301524287e-06 1.185543891909667850e-06 -1.899454977923955727e-05 2.099965314199190019e-05 3.239119169659650553e-05
-2.531943742713664137e-06 -3.417637049223214840e-05 -3.141603240034413191e-05 -6.732883030729465629e-06 -6.100257713541635305e-06 1.784065999905410887e-05 -1.632518322355806576e-06 -1.438814316877591716e-06 3.609277756017974904e-05 1.926341770905958014e-05
-6.284496428618748984e-06 -3.043962871113010127e-05 -2.721173032073652791e-05 -2.616634176754137103e-06 -2.008913035400193236e-05 1.176523594750856418e-05 -7.767806372509489696e-06 7.093885699345303852e-06 2.926348426486084461e-05 2.803974873246457849e-05
9.714946890588948352e-06 -4.376075761676474871e-05 -2.237292848248017229e-05 1.445499186343737511e-05 -1.611464812925218737e-05 -6.547728270840346746e-06 4.874857043275399036e-06 -1.286886843627633772e-05 1.669510372141050762e-05 1.164120418113119127e-05
-1.695700771691678702e-05 -3.970931477169316917e-05 -1.830730767789102428e-05 -6.465294706129881515e-07 -4.927101760272940531e-06 -7.813751031990454657e-06 8.081557545148015931e-06 -1.030500808437603404e-05 3.867804316143325381e-05 2.733355923914480406e-05
-1.067263098282654581e-05 -4.330033564050843065e-05 -3.127022810517158922e-05 4.779970547932105541e-08 -2.089685316919194576e-05 1.456019397440873777e-05 6.180301221488658411e-06 -7.504811035746331770e-06 4.021659049657615848e-05 3.466530867493718083e-05
2.980007817671203026e-06 -3.895417462636635250e-05 -2.894428712363535602e-05 -1.882952538992252727e-06 -3.519659199612562222e-06 5.455951124742484613e-06 2.545324628475057777e-07 -1.357786764162200328e-05 2.363214732536254864e-05 2.865833813842740327e-05
-1.067175330147041663e-05 -7.364040784760114511e-06 -1.865891216587018761e-05 -1.129928599706962049e-05 -1.363913400929744114e-05 -3.509307216991134780e-06 -6.085872117158243552e-06 -7.441572690082041779e-06 -1.573936674324188782e-05 -8.031560040194982955e-06
-9.294656038685518280e-06 -6.439214377672047867e-06 -1.728007531153296738e-05 -1.135446224022570518e-05 -1.190430966205441954e-05 -2.730408594771165249e-06 -5.417607623084089868e-06 -6.737096724567054489e-06 -1.573866090287501005e-05 -6.905972631777957371e-06
-1.063778083216276920e-05 -7.111582462847171790e-06 -1.790422730414573750e-05 -1.109472577072525242e-05 -1.342157377171267679e-05 -3.464741386316150428e-06 -5.961023305901185797e-06 -7.132861666989677950e-06 -1.580790545792351630e-05 -8.156074648155120613e-06
-1.060271836289989929e-05 -6.727165404498507705e-06 -1.742477184160674944e-05 -1.090218096119596558e-05 -1.274810146703080605e-05 -3.613754744081643997e-06 -6.674818081338839302e-06 -6.925928696182855734e-06 -1.531673634033142148e-05 -8.283268657458325374e-06
-1.134444351821998532e-05 -4.960939826359481268e-06 -1.717362709189394873e-05 -1.107346474472529733e-05 -1.355231439997440136e-05 -2.890942607193459578e-06 -5.694759126442303929e-06 -7.414793174888837991e-06 -1.762900305364026719e-05 -9.407266204896362800e-06
-1.081381432700619827e-05 -7.426317496050763841e-06 -1.851026942663516067e-05 -1.131438442016732825e-05 -1.363735174762669051e-05 -3.480175858903147645e-06 -6.343507542140447334e-06 -7.757607154646527933e-06 -1.589269478473193391e-05 -7.776615445589634269e-06
-1.064881017465046653e-05 -7.351646017967874486e-06 -1.831199239316247363e-05 -1.110976516552781638e-05 -1.338670390850895867e-05 -3.436925459326645336e-06 -6.080298703267685385e-06 -7.386226185162208626e-06 -1.541324895296575541e-05 -7.794349645170306614e-06
-1.055145983946494847e-05 -6.859454138551104628e-06 -1.567315750583727474e-05 -9.500323010312860671e-06 -1.093474698518807453e-05 -3.711779880911535403e-06 -6.337755496658031986e-06 -6.724361439267254070e-06 -1.342108633600591961e-05 -6.771203050659979607e-06
-9.686357091245468889e-06 -5.878959146109410175e-06 -1.646675567640046043e-05 -1.055351498962778429e-05 -1.295041222413596319e-05 -3.661269144439731099e-06 -5.864785763135910961e-06 -7.244752491241803556e-06 -1.581014443221248655e-05 -8.029144420477239230e-06
-1.030569441882313575e-05 -6.919913986818332225e-06 -1.799150782837545206e-05 -1.075405262216342438e-05 -1.307779872951890457e-05 -3.619464692211920509e-06 -5.973019788371046618e-06 -6.946511011430914173e-06 -1.514109793146495924e-05 -7.756682684524220293e-06
1.777431724620098176e-05 -9.015249931285004205e-06 1.838791618009724742e-05 1.339799450972224866e-05 1.883949577979730262e-05 6.983340677728209236e-06 5.767955122483204478e-06 6.649994507168473526e-06 4.524652419770514050e-05 2.320751864015328840e-05
1.734054709407350148e-05 -8.053711923480756226e-06 1.724110904222206955e-05 1.353835569117749845e-05 1.840369121308823783e-05 6.418137471614680469e-06 5.344435590119305181e-06 6.225520710239604337e-06 4.335392777339570322e-05 2.253833758782500748e-05
1.823681358791875873e-05 -8.393277289698680056e-06 1.926007337039464134e-05 1.392183960320167858e-05 1.789062196019597495e-05 6.970476719840749175e-06 5.413060100686276680e-06 6.855332751984504002e-06 4.519659371798028245e-05 2.323694923756939589e-05
1.802953742087648738e-05 -8.789706573734988183e-06 1.869552548985343356e-05 1.333698799589918998e-05 1.929460883737628895e-05 6.837409350604137988e-06 5.072071563403387980e-06 7.012364468563906515e-06 4.686159698167380913e-05 2.364796780043172981e-05
1.688877241220779779e-05 -6.893730343669388343e-06 1.715730519308356883e-05 1.265564477850078369e-05 1.835908554013456111e-05 6.541639292517196614e-06 4.531917542952326841e-06 5.188457238445272151e-06 4.270176079477771842e-05 2.335531326836789699e-05
1.709502986916858205e-05 -6.786005661239967834e-06 1.766760778128958977e-05 1.281832796730471679e-05 1.803669626995660211e-05 4.817918525329138615e-06 4.626622768714559001e-06 4.546157163339056620e-06 4.221674964351798009e-05 2.055970933778123897e-05
1.397047886035789628e-05 -1.082789837206799530e-05 1.492400653010420913e-05 1.589423961471609026e-05 1.703272110369621745e-05 3.296313609864803933e-06 4.649243103881019793e-06 7.462789199808124737e-06 4.483159598735344089e-05 2.154955192511191623e-05
1.859780490866304179e-05 -7.654585674345421590e-06 1.802194533191002720e-05 1.446937866810384457e-05 1.698614563452243640e-05 6.357185092193456834e-06 6.119995189959504603e-06 5.875414880157808466e-06 4.472659188699435747e-05 2.255582896564177657e-05
1.695092630776057674e-05 -7.859457460402860033e-06 1.924769839465576726e-05 1.257205038709055460e-05 1.823532391349251869e-05 7.103133747406776917e-06 5.253166613866584867e-06 7.012591212993365816e-06 4.573012942660476638e-05 2.314675262071209521e-05
1.781494536650154168e-05 -8.839951958423154438e-06 1.832373954144288957e-05 1.335075195002775104e-05 1.828307519304342953e-05 6.754684533973400526e-06 5.322304174124047082e-06 6.043346722958459379e-06 4.608538596120493485e-05 2.344127387020641834e-05
0.000000000000000000e+00 0.000000000000000000e+00 0.000000000000000000e+00 0.000000000000000000e+00 0.000000000000000000e+00 0.000000000000000000e+00 0.000000000000000000e+00 0.000000000000000000e+00 0.000000000000000000e+00 0.000000000000000000e+00
0.000000000000000000e+00 0.000000000000000000e+00 0.000000000000000000e+00 0.000000000000000000e+00 0.000000000000000000e+00 0.000000000000000000e+00 0.000000000000000000e+00 0.000000000000000000e+00 0.000000000000000000e+00 0.000000000000000000e+00
0.000000000000000000e+00 0.000000000000000000e+00 0.000000000000000000e+00 0.000000000000000000e+00 0.000000000000000000e+00 0.000000000000000000e+00 0.000000000000000000e+00 0.000000000000000000e+00 0.000000000000000000e+00 0.000000000000000000e+00
0.000000000000000000e+00 0.000000000000000000e+00 0.000000000000000000e+00 0.000000000000000000e+00 0.000000000000000000e+00 0.000000000000000000e+00 0.000000000000000000e+00 0.000000000000000000e+00 0.000000000000000000e+00 0.000000000000000000e+00
0.000000000000000000e+00 0.000000000000000000e+00 0.000000000000000000e+00 0.000000000000000000e+00 0.000000000000000000e+00 0.000000000000000000e+00 0.000000000000000000e+00 0.000000000000000000e+00 0.000000000000000000e+00 0.000000000000000000e+00
0.000000000000000000e+00 0.000000000000000000e+00 0.000000000000000000e+00 0.000000000000000000e+00 0.000000000000000000e+00 0.000000000000000000e+00 0.000000000000000000e+00 0.000000000000000000e+00 0.000000000000000000e+00 0.000000000000000000e+00
0.000000000000000000e+00 0.000000000000000000e+00 0.000000000000000000e+00 0.000000000000000000e+00 0.000000000000000000e+00 0.000000000000000000e+00 0.000000000000000000e+00 0.000000000000000000e+00 0.000000000000000000e+00 0.000000000000000000e+00
0.000000000000000000e+00 0.000000000000000000e+00 0.000000000000000000e+00 0.000000000000000000e+00 0.000000000000000000e+00 0.000000000000000000e+00 0.000000000000000000e+00 0.000000000000000000e+00 0.000000000000000000e+00 0.000000000000000000e+00
0.000000000000000000e+00 0.000000000000000000e+00 0.000000000000000000e+00 0.000000000000000000e+00 0.000000000000000000e+00 0.000000000000000000e+00 0.000000000000000000e+00 0.000000000000000000e+00 0.000000000000000000e+00 0.000000000000000000e+00
0.000000000000000000e+00 0.000000000000000000e+00 0.000000000000000000e+00 0.000000000000000000e+00 0.000000000000000000e+00 0.000000000000000000e+00 0.000000000000000000e+00 0.000000000000000000e+00 0.000000000000000000e+00 0.000000000000000000e+00
2.733591461267247168e-06 2.280258591230123853e-06 3.763035437839903812e-06 8.835027037998229851e-07 4.387823510538614374e-06 5.072472893930145472e-06 1.414203447649668402e-06 4.805511803111863113e-06 6.176388699751465229e-06 1.904607860775249525e-06
1.576004313626439209e-06 9.502182468614076635e-07 1.688647260388393548e-06 1.007777419893633997e-06 1.938923136096027537e-06 1.897887595091042986e-06 1.065517040879599231e-06 1.589321030927878031e-06 2.202729693559312931e-06 1.684753890427335928e-06
4.504580268607412335e-07 2.136434634570856215e-07 1.485894296304454339e-07 7.473067496546543467e-07 -4.397242414917385864e-08 -3.937940728024474445e-07 3.906308767835720205e-07 -3.094020331271121638e-08 2.173179180875794029e-07 4.315961941204248822e-07
5.369633870836349774e-08 1.287447341148934750e-07 3.091594345675068950e-07 3.399588367848406592e-07 1.502062734959227023e-07 3.518756462762427824e-07 3.493380794240948348e-07 2.778371358478115707e-07 1.753918640870939355e-07 -1.616442977506362635e-07
-2.261466861909720276e-09 1.728588225357066384e-07 5.125713859290024809e-07 -2.626887072721448037e-07 6.397324446587511252e-07 1.176048025404672196e-06 -4.234511080803510202e-08 1.107794534043006065e-06 9.231306148352135410e-07 -1.311594501369309571e-07
3.608630936079952335e-07 1.750204483512816350e-07 3.187954652677712381e-07 2.683119537302346103e-07 7.355279979029700859e-08 4.719532081353861243e-07 2.088602272698250073e-08 4.248450246970358510e-07 7.310314951188025900e-07 -9.209598411433279290e-09
-1.077058672725989859e-06 -7.870433672197663211e-07 -1.741353443362117340e-06 -5.453004163699668583e-07 -1.739241883699823283e-06 -1.339237636303279268e-06 -4.478586120475784585e-07 -1.898859780398491038e-06 -2.452978629539230428e-06 -6.400671355466340063e-07
9.853554220359340958e-07 1.396624181451898425e-07 1.209082761283485868e-06 7.367331670114194935e-07 1.371010651472904713e-06 1.482976335502846881e-06 4.186064679624086381e-07 1.624816835809371183e-06 2.953553485032963680e-06 8.846474821582667779e-07
1.558445102662439483e-07 -2.421067706316127469e-07 -4.398427832845616552e-07 -1.481899468471940901e-07 7.502744697678571971e-08 7.400272854857110470e-08 2.813686553832624329e-08 -3.620252916797411188e-07 -2.030471382087998180e-07 5.942490668262168652e-07
-8.073658722840772385e-07 -7.411414506728649707e-07 -1.059781934396688722e-06 1.667154452967088855e-07 -1.003910894265230747e-06 -1.282201285756012781e-06 7.642101847882909057e-09 -1.163466332884811474e-06 -1.155075256209019343e-06 -3.495879900739040583e-07
0.000000000000000000e+00 -0.000000000000000000e+00 -0.000000000000000000e+00 -0.000000000000000000e+00 -0.000000000000000000e+00 0.000000000000000000e+00 -0.000000000000000000e+00 -0.000000000000000000e+00 0.000000000000000000e+00 0.000000000000000000e+00
-0.000000000000000000e+00 -0.000000000000000000e+00 -0.000000000000000000e+00 -0.000000000000000000e+00 -0.000000000000000000e+00 -0.000000000000000000e+00 -0.000000000000000000e+00 -0.000000000000000000e+00 0.000000000000000000e+00 -0.000000000000000000e+00
-0.000000000000000000e+00 -0.000000000000000000e+00 -0.000000000000000000e+00 -0.000000000000000000e+00 -0.000000000000000000e+00 -0.000000000000000000e+00 -0.000000000000000000e+00 -0.000000000000000000e+00 -0.000000000000000000e+00 -0.000000000000000000e+00
0.000000000000000000e+00 0.000000000000000000e+00 0.000000000000000000e+00 0.000000000000000000e+00 0.000000000000000000e+00 0.000000000000000000e+00 0.000000000000000000e+00 0.000000000000000000e+00 0.000000000000000000e+00 0.000000000000000000e+00
-0.000000000000000000e+00 -0.000000000000000000e+00 -0.000000000000000000e+00 -0.000000000000000000e+00 -0.000000000000000000e+00 0.000000000000000000e+00 -0.000000000000000000e+00 -0.000000000000000000e+00 0.000000000000000000e+00 0.000000000000000000e+00
0.000000000000000000e+00 -0.000000000000000000e+00 0.000000000000000000e+00 0.000000000000000000e+00 0.000000000000000000e+00 0.000000000000000000e+00 0.000000000000000000e+00 0.000000000000000000e+00 0.000000000000000000e+00 0.000000000000000000e+00
-0.000000000000000000e+00 -0.000000000000000000e+00 -0.000000000000000000e+00 -0.000000000000000000e+00 -0.000000000000000000e+00 -0.000000000000000000e+00 -0.000000000000000000e+00 -0.000000000000000000e+00 -0.000000000000000000e+00 -0.000000000000000000e+00
-0.000000000000000000e+00 -0.000000000000000000e+00 -0.000000000000000000e+00 -0.000000000000000000e+00 -0.000000000000000000e+00 -0.000000000000000000e+00 -0.000000000000000000e+00 -0.000000000000000000e+00 -0.000000000000000000e+00 -0.000000000000000000e+00
-0.000000000000000000e+00 -0.000000000000000000e+00 -0.000000000000000000e+00 -0.000000000000000000e+00 -0.000000000000000000e+00 0.000000000000000000e+00 -0.000000000000000000e+00 -0.000000000000000000e+00 0.000000000000000000e+00 0.000000000000000000e+00
-0.000000000000000000e+00 -0.000000000000000000e+00 -0.000000000000000000e+00 -0.000000000000000000e+00 -0.000000000000000000e+00 0.000000000000000000e+00 -0.000000000000000000e+00 -0.000000000000000000e+00 0.000000000000000000e+00 0.000000000000000000e+00
0.000000000000000000e+00 0.000000000000000000e+00 0.000000000000000000e+00 0.000000000000000000e+00 0.000000000000000000e+00 0.000000000000000000e+00 0.000000000000000000e+00 0.000000000000000000e+00 0.000000000000000000e+00 0.000000000000000000e+00
-0.000000000000000000e+00 -0.000000000000000000e+00 -0.000000000000000000e+00 -0.000000000000000000e+00 -0.000000000000000000e+00 -0.000000000000000000e+00 -0.000000000000000000e+00 -0.000000000000000000e+00 -0.000000000000000000e+00 -0.000000000000000000e+00
0.000000000000000000e+00 -0.000000000000000000e+00 0.000000000000000000e+00 0.000000000000000000e+00 0.000000000000000000e+00 0.000000000000000000e+00 0.000000000000000000e+00 0.000000000000000000e+00 0.000000000000000000e+00 0.000000000000000000e+00
0.000000000000000000e+00 0.000000000000000000e+00 0.000000000000000000e+00 0.000000000000000000e+00 0.000000000000000000e+00 0.000000000000000000e+00 0.000000000000000000e+00 0.000000000000000000e+00 -0.000000000000000000e+00 0.000000000000000000e+00
0.000000000000000000e+00 0.000000000000000000e+00 0.000000000000000000e+00 0.000000000000000000e+00 0.000000000000000000e+00 0.000000000000000000e+00 0.000000000000000000e+00 0.000000000000000000e+00 0.000000000000000000e+00 0.000000000000000000e+00
0.000000000000000000e+00 0.000000000000000000e+00 0.000000000000000000e+00 0.000000000000000000e+00 0.000000000000000000e+00 0.000000000000000000e+00 0.000000000000000000e+00 0.000000000000000000e+00 0.000000000000000000e+00 0.000000000000000000e+00
0.000000000000000000e+00 -0.000000000000000000e+00 0.000000000000000000e+00 0.000000000000000000e+00 0.000000000000000000e+00 0.000000000000000000e+00 0.000000000000000000e+00 0.000000000000000000e+00 0.000000000000000000e+00 0.000000000000000000e+00
0.000000000000000000e+00 -0.000000000000000000e+00 0.000000000000000000e+00 0.000000000000000000e+00 0.000000000000000000e+00 0.000000000000000000e+00 0.000000000000000000e+00 0.000000000000000000e+00 0.000000000000000000e+00 0.000000000000000000e+00
-0.000000000000000000e+00 -0.000000000000000000e+00 -0.000000000000000000e+00 -0.000000000000000000e+00 -0.000000000000000000e+00 -0.000000000000000000e+00 -0.000000000000000000e+00 -0.000000000000000000e+00 -0.000000000000000000e+00 -0.000000000000000000e+00
-0.000000000000000000e+00 -0.000000000000000000e+00 -0.000000000000000000e+00 -0.000000000000000000e+00 -0.000000000000000000e+00 -0.000000000000000000e+00 -0.000000000000000000e+00 -0.000000000000000000e+00 -0.000000000000000000e+00 -0.000000000000000000e+00
0.000000000000000000e+00 0.000000000000000000e+00 0.000000000000000000e+00 0.000000000000000000e+00 0.000000000000000000e+00 0.000000000000000000e+00 0.000000000000000000e+00 0.000000000000000000e+00 0.000000000000000000e+00 0.000000000000000000e+00
0.000000000000000000e+00 0.000000000000000000e+00 0.000000000000000000e+00 0.000000000000000000e+00 0.000000000000000000e+00 0.000000000000000000e+00 0.000000000000000000e+00 0.000000000000000000e+00 0.000000000000000000e+00 0.000000000000000000e+00
0.000000000000000000e+00 -0.000000000000000000e+00 0.000000000000000000e+00 0.000000000000000000e+00 0.000000000000000000e+00 0.000000000000000000e+00 0.000000000000000000e+00 0.000000000000000000e+00 0.000000000000000000e+00 0.000000000000000000e+00
0.000000000000000000e+00 -0.000000000000000000e+00 0.000000000000000000e+00 0.000000000000000000e+00 0.000000000000000000e+00 0.000000000000000000e+00 0.000000000000000000e+00 0.000000000000000000e+00 0.000000000000000000e+00 0.000000000000000000e+00
0.000000000000000000e+00 -0.000000000000000000e+00 0.000000000000000000e+00 0.000000000000000000e+00 0.000000000000000000e+00 0.000000000000000000e+00 0.000000000000000000e+00 0.000000000000000000e+00 0.000000000000000000e+00 0.000000000000000000e+00
0.000000000000000000e+00 0.000000000000000000e+00 0.000000000000000000e+00 0.000000000000000000e+00 0.000000000000000000e+00 0.000000000000000000e+00 0.000000000000000000e+00 0.000000000000000000e+00 0.000000000000000000e+00 0.000000000000000000e+00
0.000000000000000000e+00 0.000000000000000000e+00 0.000000000000000000e+00 0.000000000000000000e+00 0.000000000000000000e+00 0.000000000000000000e+00 0.000000000000000000e+00 0.000000000000000000e+00 0.000000000000000000e+00 0.000000000000000000e+00
0.000000000000000000e+00 0.000000000000000000e+00 0.000000000000000000e+00 0.000000000000000000e+00 0.000000000000000000e+00 0.000000000000000000e+00 0.000000000000000000e+00 0.000000000000000000e+00 0.000000000000000000e+00 0.000000000000000000e+00
0.000000000000000000e+00 -0.000000000000000000e+00 0.000000000000000000e+00 0.000000000000000000e+00 0.000000000000000000e+00 0.000000000000000000e+00 0.000000000000000000e+00 0.000000000000000000e+00 0.000000000000000000e+00 0.000000000000000000e+00
0.000000000000000000e+00 -0.000000000000000000e+00 0.000000000000000000e+00 0.000000000000000000e+00 0.000000000000000000e+00 0.000000000000000000e+00 0.000000000000000000e+00 0.000000000000000000e+00 0.000000000000000000e+00 0.000000000000000000e+00
0.000000000000000000e+00 -0.000000000000000000e+00 0.000000000000000000e+00 0.000000000000000000e+00 0.000000000000000000e+00 0.000000000000000000e+00 0.000000000000000000e+00 0.000000000000000000e+00 0.000000000000000000e+00 0.000000000000000000e+00
0.000000000000000000e+00 -0.000000000000000000e+00 0.000000000000000000e+00 0.000000000000000000e+00 0.000000000000000000e+00 0.000000000000000000e+00 0.000000000000000000e+00 0.000000000000000000e+00 0.000000000000000000e+00 0.000000000000000000e+00
0.000000000000000000e+00 -0.000000000000000000e+00 0.000000000000000000e+00 0.000000000000000000e+00 0.000000000000000000e+00 0.000000000000000000e+00 0.000000000000000000e+00 0.000000000000000000e+00 0.000000000000000000e+00 0.000000000000000000e+00
0.000000000000000000e+00 0.000000000000000000e+00 0.000000000000000000e+00 0.000000000000000000e+00 0.000000000000000000e+00 0.000000000000000000e+00 0.000000000000000000e+00 0.000000000000000000e+00 0.000000000000000000e+00 0.000000000000000000e+00
0.000000000000000000e+00 -0.000000000000000000e+00 0.000000000000000000e+00 0.000000000000000000e+00 0.000000000000000000e+00 0.000000000000000000e+00 0.000000000000000000e+00 0.000000000000000000e+00 0.000000000000000000e+00 0.000000000000000000e+00
0.000000000000000000e+00 -0.000000000000000000e+00 0.000000000000000000e+00 0.000000000000000000e+00 0.000000000000000000e+00 0.000000000000000000e+00 0.000000000000000000e+00 0.000000000000000000e+00 0.000000000000000000e+00 0.000000000000000000e+00
0.000000000000000000e+00 -0.000000000000000000e+00 0.000000000000000000e+00 0.000000000000000000e+00 0.000000000000000000e+00 0.000000000000000000e+00 0.000000000000000000e+00 0.000000000000000000e+00 0.000000000000000000e+00 0.000000000000000000e+00
0.000000000000000000e+00 -0.000000000000000000e+00 0.000000000000000000e+00 0.000000000000000000e+00 0.000000000000000000e+00 0.000000000000000000e+00 0.000000000000000000e+00 0.000000000000000000e+00 0.000000000000000000e+00 0.000000000000000000e+00
0.000000000000000000e+00 -0.000000000000000000e+00 0.000000000000000000e+00 0.000000000000000000e+00 0.000000000000000000e+00 0.000000000000000000e+00 0.000000000000000000e+00 0.000000000000000000e+00 0.000000000000000000e+00 0.000000000000000000e+00
0.000000000000000000e+00 -0.000000000000000000e+00 0.000000000000000000e+00 0.000000000000000000e+00 0.000000000000000000e+00 0.000000000000000000e+00 0.000000000000000000e+00 0.000000000000000000e+00 0.000000000000000000e+00 0.000000000000000000e+00
0.000000000000000000e+00 -0.000000000000000000e+00 -0.000000000000000000e+00 -0.000000000000000000e+00 -0.000000000000000000e+00 0.000000000000000000e+00 -0.000000000000000000e+00 -0.000000000000000000e+00 0.000000000000000000e+00 0.000000000000000000e+00
0.000000000000000000e+00 -0.000000000000000000e+00 -0.000000000000000000e+00 -0.000000000000000000e+00 -0.000000000000000000e+00 0.000000000000000000e+00 -0.000000000000000000e+00 -0.000000000000000000e+00 0.000000000000000000e+00 0.000000000000000000e+00
-0.000000000000000000e+00 -0.000000000000000000e+00 -0.000000000000000000e+00 -0.000000000000000000e+00 -0.000000000000000000e+00 -0.000000000000000000e+00 -0.000000000000000000e+00 -0.000000000000000000e+00 0.000000000000000000e+00 -0.000000000000000000e+00
-0.000000000000000000e+00 -0.000000000000000000e+00 -0.000000000000000000e+00 -0.000000000000000000e+00 -0.000000000000000000e+00 0.000000000000000000e+00 -0.000000000000000000e+00 -0.000000000000000000e+00 0.000000000000000000e+00 0.000000000000000000e+00
-0.000000000000000000e+00 -0.000000000000000000e+00 -0.000000000000000000e+00 -0.000000000000000000e+00 -0.000000000000000000e+00 0.000000000000000000e+00 -0.000000000000000000e+00 -0.000000000000000000e+00 0.000000000000000000e+00 0.000000000000000000e+00
-0.000000000000000000e+00 -0.000000000000000000e+00 -0.000000000000000000e+00 -0.000000000000000000e+00 -0.000000000000000000e+00 -0.000000000000000000e+00 -0.000000000000000000e+00 -0.000000000000000000e+00 0.000000000000000000e+00 0.000000000000000000e+00
-0.000000000000000000e+00 -0.000000000000000000e+00 -0.000000000000000000e+00 -0.000000000000000000e+00 -0.000000000000000000e+00 -0.000000000000000000e+00 -0.000000000000000000e+00 -0.000000000000000000e+00 -0.000000000000000000e+00 -0.000000000000000000e+00
0.000000000000000000e+00 0.000000000000000000e+00 0.000000000000000000e+00 0.000000000000000000e+00 0.000000000000000000e+00 0.000000000000000000e+00 0.000000000000000000e+00 0.000000000000000000e+00 0.000000000000000000e+00 0.000000000000000000e+00
-0.000000000000000000e+00 -0.000000000000000000e+00 -0.000000000000000000e+00 -0.000000000000000000e+00 -0.000000000000000000e+00 -0.000000000000000000e+00 -0.000000000000000000e+00 -0.000000000000000000e+00 -0.000000000000000000e+00 -0.000000000000000000e+00
0.000000000000000000e+00 0.000000000000000000e+00 0.000000000000000000e+00 0.000000000000000000e+00 0.000000000000000000e+00 0.000000000000000000e+00 0.000000000000000000e+00 0.000000000000000000e+00 0.000000000000000000e+00 0.000000000000000000e+00
1.417370279847774407e-05 3.034981691227466386e-06 1.060631017195029149e-05 7.063293293544629388e-06 1.178766871774209885e-05 5.773897160914365894e-06 7.815332111629832171e-06 1.915779773968641532e-05 1.012907901101548410e-05 5.282531620233377656e-06
-2.580207737893221327e-07 6.006548961637244114e-06 9.888602389059436887e-06 1.797953498163781170e-05 8.646015104871671912e-06 9.148527132895198109e-06 9.764440048642109062e-06 8.822032047110749855e-06 2.250984731112168414e-05 3.329804311702114444e-06
1.335616099980851730e-05 1.332353072985658364e-05 1.764608676707719295e-05 1.575208113753832925e-05 1.472059111816916551e-06 1.283542785127031223e-05 1.267904150096233303e-05 7.624685268607407702e-06 1.439502546353015281e-05 9.780797076886959117e-06
2.245796850380531631e-06 8.382368693665765601e-06 1.972478931725819059e-05 1.709315722478317083e-05 1.368548466549875274e-05 6.513382892618354761e-06 7.334512950106636793e-06 7.405079725935878743e-06 1.122620451286877505e-05 6.606733738435414727e-06
9.929105417894327880e-06 1.134604352846082892e-05 2.120089247275142957e-05 3.885916719871898990e-06 1.372481304245108057e-05 1.001872373978294742e-05 3.862296766892417585e-06 4.556011949135304322e-06 2.091396687986508642e-05 6.289804047001116678e-06
1.518307585462696386e-05 2.196730315468874276e-06 6.078704333216185120e-06 4.115919871472812555e-06 1.440352610024373336e-05 8.731087578171936440e-06 1.566046370259335427e-05 1.279509842474543717e-05 2.096947410469790921e-05 8.536417789939301269e-06
7.000346685188552465e-06 1.149644035816860341e-05 1.289812793150169000e-05 4.902878571760435241e-06 2.077548552450272928e-06 8.426235974475686238e-06 1.081260697558233857e-05 5.055261844568586732e-06 2.203659106533800780e-05 6.093653119637873910e-06
4.513404397669027727e-06 4.819688263108250896e-06 1.913959106872807807e-05 3.567793704369670579e-06 5.751537105629243979e-06 2.754436901529299210e-06 2.267515023197244185e-06 1.710245527549236481e-05 7.424068550217417522e-06 1.097024298233946357e-06
9.501226445360869791e-06 1.181920375797114300e-06 1.885844798382367330e-05 1.881181632142282217e-05 7.184945438493243691e-06 1.347838745367212456e-05 4.653112400682727671e-06 1.607775723471686782e-05 1.920656016264335049e-05 -1.783955954097555414e-06
6.616456801586272569e-06 8.690587947851821297e-10 1.874213018425529054e-05 1.584673684222215966e-05 3.545661146971889708e-07 4.389122253504873331e-06 1.163455385003726653e-05 8.825794486397924181e-06 2.209339118778833567e-05 1.028175128550690493e-05
-4.391401536502474200e-07 -4.341437370034772276e-07 -5.043985489552587876e-07 7.721259527003897325e-07 1.506525957610812905e-07 5.572214406251469411e-07 6.160603925818912710e-08 1.433064537787722102e-06 1.954363094523828930e-06 2.282782962245073427e-07
-6.994684593254634874e-07 1.822265593395583788e-06 1.399301232025261182e-06 -1.130629427609658230e-07 4.006000613793787350e-07 1.621594119391939737e-06 2.967269962339458342e-07 1.325667415179860384e-06 1.826757043561962898e-06 1.866365761310480087e-09
8.388404217832220422e-07 -2.265014860086799574e-07 4.713553269982600846e-07 -7.353045873732787804e-08 -3.869079481890569426e-07 1.157170776287521086e-06 -2.749708137476636982e-08 1.433936217323570533e-06 1.647980230915974446e-06 6.226436800775976717e-07
1.196682161208736761e-06 2.080604102325927624e-07 7.472770360052825740e-07 4.489661888818725956e-08 7.499699564118243327e-07 1.710948306391099994e-07 4.442647958722930171e-08 6.043417029158415136e-07 -1.169698693555995810e-07 4.987892874082273066e-07
4.305726252873544085e-07 -2.453653003422811073e-08 1.543604668915914643e-06 1.364238422725714998e-06 1.161810115748411623e-06 3.824466572460676602e-07 1.891702009265746225e-06 1.561080503428711616e-06 1.099238131743161229e-06 1.565007980065727785e-07
-2.215599161255156646e-07 -3.319799295892268158e-07 1.057515830034140374e-06 1.375675300945107072e-06 2.125465290144259135e-07 1.144979708973056970e-06 2.932622985644865704e-07 1.519074268235557778e-06 1.501061240020066549e-06 1.484286309611527205e-06
5.332046895283178477e-07 1.060210429445424832e-06 4.903739670368415991e-07 -3.295961338362850932e-07 -1.032519923429608224e-07 1.894618366182934297e-06 2.008900751877713136e-06 1.651271196429143194e-06 1.891466113563955189e-06 8.398861179815004153e-07
-6.099488047637998718e-07 1.013361489386753408e-06 1.699550549599597433e-08 5.791579256019950734e-08 1.661756951585870590e-06 1.195198652975609361e-06 4.883917048257941603e-07 1.572727278693501080e-06 1.605374014074976694e-06 5.686296931435817080e-08
2.649843478401516785e-07 -2.372014253842695072e-07 5.196906671489459802e-07 1.296894039873562762e-06 -5.725818334176512614e-08 1.142651299508525407e-08 4.517259669764564187e-07 1.403987123737500583e-06 1.495374042742505668e-06 6.251705914034785383e-07
1.271369137751104323e-06 -4.290939889491041763e-07 6.250563406165551480e-07 1.192140379583696788e-06 6.986907048395659591e-07 1.509546583941727214e-06 9.587418902507494078e-08 4.846997583532351471e-07 7.723945317037823860e-07 4.144333865236498764e-08
-1.154478039455737357e-04 -6.625482292574267902e-05 -3.358493639522417329e-05 -1.889378532615538372e-05 -7.223995554006425299e-05 -7.210866851827476306e-05 -9.243097452875490179e-05 3.544845903463457313e-05 1.293970658583844237e-06 -1.657744958712150293e-05
-1.346142854705186794e-05 -3.595651545669153012e-05 -3.938211566252863719e-05 -9.910937879496768525e-05 -1.332623923561142992e-04 -4.760810435916744166e-05 3.518617317458827265e-06 -1.096061929218902081e-04 -9.533006047116427361e-05 -1.072388600630881503e-04
-5.247699657903959837e-05 -1.382286487196315665e-04 -1.128537131587926522e-04 -5.512164142403754431e-05 -1.006635953115828070e-04 2.351537323755729643e-05 -9.430741172029186929e-05 -1.391910692350758797e-05 -1.480309357820210120e-05 2.244473300361291980e-05
-5.417245138224505358e-05 -3.187166058446659010e-05 -1.007848523593010627e-04 -5.498780933256883192e-05 -1.299489785113657760e-04 -8.804259639292652117e-05 -4.512846986832815704e-05 -4.082591368053216916e-05 -1.666693856569010534e-05 -3.834261046353815882e-05
-5.102337074936506248e-05 4.143939812006397045e-06 -9.155773595832252757e-05 4.054906746747836534e-06 2.864024911496672283e-05 -4.689209208713981817e-05 3.886059978641695462e-05 -2.717993328045680067e-05 -1.447294539571445694e-04 -8.311316988001817637e-05
-2.743720396832620897e-05 -6.463443240047010295e-05 -8.300245529403454546e-05 -1.357326624910732381e-04 -5.101803581887188766e-05 -4.081601120227674681e-05 -6.937013974032814974e-05 -8.127175637800074790e-05 -6.038973785945663366e-05 -8.846046756209366001e-05
1.100475191302657610e-05 -2.117764377316914631e-05 -9.571343439420087725e-05 -2.375748769378414001e-05 4.970357515553639400e-06 8.302609830238167081e-05 -8.085859034592629525e-05 5.089518083534979012e-06 -1.111399367076537788e-04 -3.562912402780793556e-05
-1.011059051911286112e-04 -6.701873853082449580e-05 -3.620606822252995952e-05 -3.822501900421445588e-05 -2.671835594736839944e-05 2.782821261860158699e-05 -3.608976866056514278e-05 -8.904979258881256859e-05 -6.403131873191494970e-05 3.409208340420727873e-05
-3.009458099418540970e-05 -7.979133955360326129e-06 -6.968668648314216513e-05 -9.208721322359936820e-05 -1.246754089861414571e-04 -2.742545165169960717e-05 -6.879353459236225705e-05 -7.598130120216946455e-05 -8.011877689519583397e-05 -1.145415298397088637e-04
-8.647568114523899541e-05 -4.449216351194589284e-05 -7.544832356868779388e-05 -1.028259757391133292e-05 -3.116313748638581470e-05 -3.580963219650474996e-05 4.689552174985964293e-05 6.646295651104316981e-05 1.074944333588012580e-05 -5.877565138484083373e-05
9.207556570865789848e-05 -4.469327883341166235e-05 -1.186132773958486797e-04 -1.385692451331627453e-04 -2.218104260839825825e-05 4.294250146722083293e-05 -1.240341828970573611e-04 7.599029088890515449e-06 1.160653671306841918e-04 1.709121774413676992e-06
-7.433479906458035583e-05 1.454618102994174506e-05 -1.515416047132938991e-05 3.958083668491982381e-05 -8.307345889216910550e-05 -4.226472616997223113e-05 1.084196084933392051e-04 -6.644667692955953295e-05 5.867507038280107162e-05 4.688718722202445745e-05
9.171427619465411212e-05 1.264510598911096627e-05 8.147960233233496634e-05 4.864400499422091525e-05 1.552994354009380057e-04 -5.491585075403790850e-05 1.272000075035332851e-05 9.303112983016778646e-05 9.786498530080472817e-05 5.517144968636207190e-05
1.602157179832708832e-04 1.532743830024856395e-04 1.833490976191228775e-04 1.376339469691605728e-04 -3.549194746376032358e-05 7.082999405518263262e-05 1.570250215359090781e-04 1.331422887762501932e-04 3.735853665585538505e-05 2.473800905436340864e-05
1.123385783960408816e-04 -9.479201985286826065e-05 -7.406212317057203208e-05 -5.892247952551012954e-05 5.055353566854095922e-05 -2.543474694671094230e-05 -5.544207981821908684e-05 -1.585009613939383872e-05 2.313637499130939373e-05 1.462775665094289356e-04
7.050557759599160096e-05 -3.924779006207367775e-05 7.489667119174569230e-05 -7.922732523338672295e-05 9.060218717872350034e-05 -4.771475230425440539e-05 3.392441276303988234e-05 -9.745953685439687827e-05 2.746195254419223205e-05 8.244852127099214451e-05
-6.755375057875945939e-05 1.622135510053474689e-04 5.561678463783170174e-05 6.435725368487449263e-05 -1.356300300737764201e-05 2.234172732192550738e-05 -3.252972037452549503e-06 1.197239961207975201e-04 1.006922909916900446e-04 -4.485668069804550216e-05
2.452926071077672892e-07 1.864111202991941508e-04 1.900382771715473907e-04 1.729817399868340455e-04 1.077789656797822703e-04 3.557977800185023259e-05 1.870706268531616189e-04 3.986013426031076277e-05 -8.722798260390405558e-05 2.161592112595611711e-07
5.477844084235466228e-05 1.240528604074880150e-05 1.308536649729976752e-04 1.701159876628897125e-04 4.678657844874518402e-05 1.070320767184593046e-04 -4.161068154323227088e-06 3.141332584898723655e-05 -5.999740255981754743e-05 -8.324886286445887595e-06
-8.033406643890554524e-05 -1.200650035626546708e-04 -7.485470965514124959e-05 8.077664054418926421e-06 5.748227258164054383e-05 3.424564542030811542e-05 -7.212078607252347332e-05 -4.956778567701525636e-05 4.817001181089402705e-05 -6.622223251707549970e-06
-1.855764021930260960e-05 -1.678851859618343470e-05 8.025772907854631221e-06 -1.766631076410593950e-05 -6.068558269193840036e-06 -9.109590183522084489e-06 -9.006549702838129317e-07 -7.513524921923300872e-06 2.004139705542261194e-05 2.879979523773258814e-05
-2.865397805574196118e-06 2.498418613239543616e-05 1.773479490068276927e-05 2.610802081398470943e-05 1.952910739566661129e-05 3.761476209751772463e-05 3.177427149535715870e-05 2.933270286542962198e-05 3.152301008953927374e-05 2.268092961041630359e-05
2.956438105600774877e-05 -6.846488252435079066e-06 2.430710514992567202e-05 -8.101676367858479122e-06 -1.274826031187825808e-05 -2.409927389096164219e-05 -8.099972303881306825e-06 8.852168970289743308e-06 8.983334489539365267e-06 -1.647322348689538832e-05
-1.887515966382057760e-05 1.190597516227161331e-05 -9.675542088441604167e-07 -8.147426654947328886e-06 1.930078561030233838e-07 -1.836342479951758380e-05 -1.325284549237484410e-05 -9.046608568049418101e-06 -1.207888366357258645e-06 -4.382751114874474384e-06
2.390224444146653155e-05 1.448803801095859868e-05 2.040829281632370392e-05 -2.645867229646604591e-06 2.249604481394026087e-05 -6.731391304747548344e-06 -1.357391940572836760e-05 3.825661588423766834e-06 1.157887570014033828e-06 -1.619806253567842100e-05
5.670871742451036974e-06 4.819040863022993178e-06 2.525316572978312811e-05 2.353585376243443815e-05 -1.026960265259237650e-06 -3.484204505166070131e-05 1.483907668713971445e-05 1.551054693104984966e-05 3.093483874292214696e-05 1.982380645605162365e-05
-2.362867267476766194e-05 -5.682038740248221295e-05 -3.336298554173411552e-06 1.625723392188584281e-05 -8.124710865139360034e-06 -3.005818274348823511e-05 -3.284502567128001749e-05 -4.677382704531241698e-05 1.628520788675078329e-05 -2.906968248822718325e-06
-6.163582208943804339e-06 -2.048414144986280470e-05 -9.130519532812606345e-06 -4.116315842017721154e-06 1.570867215739981708e-05 1.716920458613767778e-05 1.660336132848886129e-05 -1.408552852604441206e-05 1.648894619938319028e-05 -3.734514611136657488e-06
9.439789397210644596e-06 -1.193247177833379155e-05 -1.480350684894379045e-05 1.179884292800171808e-06 2.887328527934768737e-05 2.134539403870328848e-06 -8.860569271931958529e-06 1.193503947897709266e-05 -1.130433268234546164e-05 -1.070505297892728054e-05
2.620900623506085760e-05 2.172952614497657058e-05 -3.815921996550433482e-07 -1.338968931455319032e-06 8.600809627660125569e-07 2.784804570163431893e-05 2.256914001979091114e-05 -6.444806903952696766e-06 3.119058171236050966e-05 3.475966376665605700e-05
