3.024498709648795270e-04 7.393855213144410066e-04 3.760561465672745854e-04 3.857466270059895712e-04 7.848827676657454087e-04 7.800501458867545139e-04 3.391980076843451719e-05 1.682742441724594006e-04 7.547752913587688810e-05 4.879658751070053957e-04
8.503776400801633852e-04 2.935254558453756534e-04 1.272932593923167072e-05 4.324466036174159922e-04 5.735864018120415998e-04 7.477098464601159141e-04 6.740285238396462666e-04 7.648798240105209425e-04 7.928656448521494539e-04 6.690424499096820016e-04
9.862251185406881952e-04 4.548456751933121220e-06 4.333702879535353443e-04 3.264785753347652355e-04 7.262859121544174446e-04 6.401373704842288400e-04 8.864627143826216051e-04 8.471927505209799749e-04 5.529234477733672992e-04 2.475209463111203816e-04
3.634130354950520321e-04 2.287801405089566443e-04 9.202587981334653215e-04 7.000388653273730650e-04 6.193999911710472255e-04 7.388024934956465854e-07 1.735788058261476688e-04 6.309771928183244174e-05 1.092478541317489231e-04 7.921970039004239475e-04
2.311686701097263007e-04 3.545112439217112878e-04 8.694472289218536671e-04 9.435315040567527744e-04 7.088152547851926276e-04 6.323101108131193911e-04 8.142414257727494673e-04 9.082168455802400436e-04 2.977570758640813494e-04 4.572846002601197346e-04
5.888506708593499797e-04 3.239717928836319521e-04 8.378127670535492118e-04 5.992788815368524846e-04 4.707950729979318446e-04 9.729456968807348840e-04 1.510851561560860217e-04 5.541398910858789549e-04 2.137398156218133145e-04 6.079116321492133339e-04
7.818263140518739215e-04 4.974344880385903837e-04 3.252932049293956549e-04 4.020008782067943003e-04 5.551566061037242799e-05 8.242284265983021311e-04 9.779072416493965383e-04 5.321497254314742128e-04 4.620852334529561224e-04 3.004352912232673904e-04
5.595646728803278704e-04 3.070937916177760322e-04 7.318139155833076242e-04 4.295412834274885366e-04 2.400613962104878305e-04 4.075894183271521376e-04 5.663308949443704356e-04 7.053969510356511170e-04 6.058356931916922955e-04 2.679603575442984515e-04
8.565291906002297975e-04 5.895262847681201563e-04 1.119197185670322214e-05 2.479045344320359692e-04 2.938118475679313084e-04 7.127414037445642826e-04 7.562973261042560793e-04 8.819005834663947970e-04 3.127914373132512386e-04 2.793394338206683838e-04
7.352390925432572902e-04 8.372915670955594124e-04 7.685826577116740450e-04 3.244786681951010356e-04 5.130673984556436687e-04 5.706846235182939757e-04 9.095497754756930479e-04 2.641545037195215575e-04 1.384090772051817643e-04 4.232320779996855977e-04
4.934681889679948426e-04 8.736067227958508111e-04 8.570393092673204982e-04 8.053616302668318780e-04 9.728915912907477349e-04 9.422810564210184646e-04 5.780493768417502634e-04 1.583793294141800116e-04 6.910803757596300665e-04 9.102700001292218530e-04
3.452525890903532062e-04 1.589953759346142675e-04 3.882997344473906984e-04 1.019549640287277292e-04 1.062072057565471031e-05 2.809696825100827108e-05 4.124604823531082660e-04 5.057961402224820432e-04 2.625847253759944103e-04 8.929797227495524974e-04
8.916299010289640160e-04 5.277766881123670912e-04 5.098182351022581809e-04 5.737497647829382843e-04 1.647076497678561112e-05 4.818695563380675779e-04 2.777372523012816606e-04 9.714474988280480524e-04 8.980428339910345899e-04 2.939004749112921378e-04
8.927131232074834435e-04 2.488936378581946252e-04 2.977127357522482958e-04 6.309352651967504132e-04 8.244293959245886910e-04 1.740318846226918863e-04 1.974132602851514664e-04 4.958440398675551712e-04 1.603994226577986053e-05 1.222863322626919569e-04
1.787749412529064609e-04 6.496050702318555267e-04 5.276759904704858128e-04 2.634742337979066313e-04 2.883636430623480649e-05 8.465345726543892094e-04 2.588450877559954967e-05 7.562894083243879148e-04 2.118328754167422574e-04 7.816283868187105582e-04
8.241587273349900529e-04 5.208911481082181784e-04 3.157977747856707731e-04 8.567602870879553810e-05 8.991530924393667914e-04 6.437220692874682333e-04 7.586970772475050678e-04 7.216700115402891174e-04 9.808500454429973630e-04 2.434329810901614461e-04
3.216278494758074069e-04 8.024106349667704235e-06 1.416362688010050247e-04 6.638393669022929966e-04 3.778229950526637354e-04 7.169254373054198331e-04 1.830914416667715685e-04 9.660933331949689111e-04 1.467806884116639884e-05 1.678571467630597018e-04
5.689636384525518066e-04 8.122805566811227163e-04 2.686852866017304733e-04 2.583885536034920077e-04 5.089957966723581166e-04 1.058374326705100528e-04 4.656161959320749490e-04 8.315724437038795594e-04 2.035359924089184661e-04 3.332639469061081947e-04
1.909637478246212596e-04 2.117906863652061834e-04 5.369806026528691758e-04 8.008304261305452263e-04 8.200112658707567727e-04 7.296784916012606648e-04 9.052256270821913567e-04 5.244887209545977085e-04 7.839844332209132925e-04 7.868576299484242266e-04
9.690824501156778195e-04 6.406785765159714579e-04 2.295241882065488090e-04 1.302754693004934947e-04 2.452035520104105704e-04 4.796092880216192315e-04 5.424090208234529781e-04 2.077252278445431127e-04 6.849965630680987646e-04 1.156899789014609721e-04
1.919294943612543237e-04 8.651249479720283424e-04 6.039505287876096359e-04 7.688117593818635928e-04 8.384937385647879104e-05 1.428257991043588716e-04 1.067742785304966180e-04 3.355809822504904534e-05 2.773692162803818081e-04 7.298894632170082224e-06
9.721975367348499814e-04 1.952865203449124219e-04 1.147491893505124918e-04 9.169474475321608403e-04 7.910857383410952598e-04 1.738208789551946918e-04 6.515850910264534002e-04 3.186040255132278703e-04 6.232684177696066249e-04 3.061117159431519011e-04
8.718326441995358483e-04 7.230218641001172125e-04 1.546159742927409500e-04 4.732697961122016728e-04 4.064146848884265324e-04 8.398669681849985210e-04 5.089873468045926636e-04 5.512650649468098674e-04 2.024680974320228449e-04 5.853047706338941874e-04
3.455270904565628000e-04 7.847724013022219899e-05 6.612201925851988885e-04 8.771373869406416928e-04 9.381002630417504705e-04 8.857875324264945704e-04 2.478364731734449011e-04 6.338902196856696300e-04 3.238279041238824253e-04 8.404494340765347564e-04
1.255049965260417221e-04 9.232859248320001875e-04 6.952740127604291722e-04 6.459228241774276399e-04 7.260252732832150565e-05 9.574333377789219588e-04 5.598355969646320873e-04 7.853249124776733947e-04 4.198517265219305094e-04 6.866900332617400149e-05
1.388264706370572008e-04 6.954212222050018977e-04 6.687096196487578390e-04 -4.486818445901832448e-06 7.725309145856628507e-04 9.589271007190047942e-04 2.563878397757435833e-04 8.017013070407570099e-04 5.822841268009782160e-04 7.508103073181582017e-04
1.724227671396304218e-04 7.133264271017262939e-04 2.137525408242113654e-04 6.096097591374767272e-04 1.168703512977871357e-04 1.605642494446546593e-04 9.088750359214818955e-04 8.329887487994979941e-04 8.645948498751010632e-04 3.699339933499545623e-04
1.761424363061706987e-04 5.667513119953653021e-04 3.370761510206801291e-04 7.519254909532737709e-04 1.409981777652061544e-04 6.584944108299658865e-04 7.022045872924279064e-04 4.889581996458038527e-04 6.033555063251599395e-04 9.464893602074115437e-04
2.643452633298022224e-04 9.793350202033463076e-05 4.962415613358908770e-04 4.695959659440621559e-04 6.984310720153197143e-04 1.695301323938912448e-04 1.208355949853538638e-04 2.216750542012560943e-04 2.941045780263345350e-04 4.704180052672556067e-04
6.398999248770741036e-04 6.144861462790294961e-04 8.714024648599011857e-04 2.938671957881990862e-04 2.669796125191580948e-04 9.432614186776874972e-04 6.030724545026419723e-04 9.019714018360470769e-04 7.455979610915186226e-04 6.784966009229693746e-04
6.241694197637143952e-04 1.822914331482080699e-05 6.548958808334508393e-04 6.433860267290015221e-04 8.318267795332347572e-04 8.683860377121167037e-04 2.288928350741075367e-04 3.905137977921897255e-04 1.059156537264688774e-04 1.335781260776632571e-04
8.404242928684149466e-04 8.130502109302349244e-04 -1.587115290821211784e-05 6.666329400808940805e-05 4.116776226591048276e-04 1.299718394701581748e-04 4.747099570258559408e-04 6.541056189340583964e-04 7.704978454466485408e-04 1.716396587049079348e-04
5.100406199581529725e-04 5.100675961415203786e-04 -4.171149500447695029e-05 7.024460338237370136e-04 4.752781513841453304e-04 5.220171407614146225e-04 5.084756721548718949e-04 9.166924963865296971e-06 9.432692521822705605e-04 8.737005826840907969e-04
3.295751658385138484e-04 -4.953402403914033140e-05 4.808400351382009536e-04 3.840968812868738843e-04 4.394760750914879915e-04 7.118700184689475893e-04 7.733465562187878846e-04 3.915406533551697254e-04 5.411579292201190456e-04 2.436082820784907493e-04
4.987951633431889206e-04 4.423477080770239875e-04 7.021609302726446828e-04 2.099562675523882784e-04 3.983653741747311011e-04 5.830978098249176055e-04 8.406977998665668113e-04 4.054789553127949309e-04 7.456575196472604904e-04 6.883706847986827094e-04
9.035195719554551998e-04 4.563223972209349633e-04 3.692946704096283024e-04 7.048092106299485215e-05 7.164131436354690243e-04 2.730572245783325996e-04 8.024915332416856281e-04 1.512003341582324862e-04 4.600612230345545281e-04 7.959662363503576359e-04
9.719679920473430499e-04 4.724872462674958753e-04 3.854158718879583924e-05 1.724028866271938576e-04 5.256380111003511454e-04 8.708975138846035240e-04 7.130415114600282796e-04 6.229449200527109425e-04 7.971077483557149857e-04 8.528823925697586123e-04
3.852091740952353705e-04 4.596753007469064835e-04 7.504494046640218389e-04 9.046970210849072458e-04 1.020308906937805011e-04 7.100254199698262554e-04 6.862971104315155951e-04 7.902558208251242488e-04 7.455348748467889326e-04 6.726948450913556666e-04
9.257520966181842200e-04 -1.125662098897360636e-04 5.410582422717808392e-04 9.307137071156951040e-04 2.786743260612318157e-05 1.812625671254821963e-04 9.659762766366726712e-05 4.628418443349544063e-04 5.261804631734010073e-04 7.181692335228260235e-04
5.008085217636452490e-04 4.534102637371983783e-04 6.257891920583172427e-04 7.891591541583913450e-04 7.312983991507468690e-04 1.393484003713908205e-04 7.116850527609306753e-05 9.607294617224671005e-05 -1.981339534795943259e-05 2.269271441983214735e-04
6.431005398930380104e-04 6.575864278529321627e-04 4.603916848454400594e-04 6.984132869369240326e-04 1.947087891157041296e-04 8.275200631190818929e-04 5.299836399419589460e-04 7.679437888592358444e-04 8.811566741674675294e-04 6.986688642348758832e-04
1.334763017774388339e-04 8.354198465590844487e-04 8.173748904559241090e-04 2.089931277800133325e-04 1.224379366307622413e-04 5.830169666383031501e-04 5.657661248174167008e-04 5.371553231821655887e-04 4.662307132153755253e-04 2.595360011920473729e-05
9.909560401970087841e-04 5.147741253339551976e-04 3.382976316250946650e-04 7.927530012654446625e-04 1.146264957204814653e-04 8.529284252712754193e-05 1.563085319555563950e-04 3.098020256139223866e-05 6.921645526633194009e-05 7.428781561801122302e-04
8.679004253338926805e-04 4.057523274442717846e-04 -2.750457878106269151e-05 8.846131493212306416e-04 -3.216544815927806764e-05 2.293180247929624445e-04 9.152942627652999518e-04 3.278615508532591494e-04 7.321372330911014338e-04 7.514218941440984441e-04
7.362463737101381097e-04 6.189468921004190284e-04 6.119770391666508108e-04 8.070759474836025149e-04 7.446853482075872516e-04 9.074170302279873116e-04 5.193450932163660994e-04 9.328230665339349876e-04 8.155982283425794975e-04 5.454372535952767926e-04
7.042751797287161511e-04 1.940875252502710256e-04 5.388250874961438399e-04 9.419422161575004022e-04 8.927174122507451626e-04 4.251578386626381515e-04 2.174420371914293350e-04 5.301693596130838170e-04 6.203106496678300599e-04 4.431325510503721066e-04
2.510235393925008916e-04 3.596335607485365705e-04 1.757247452163531040e-04 8.748806825473231033e-04 4.900731736136239606e-04 8.232742534660737917e-04 6.181096847187284807e-04 8.520292078757434441e-04 9.921310059491645738e-05 4.681005624405911109e-04
8.387531310104347302e-04 8.048635828756009296e-04 6.621020738214715299e-04 5.771550902208641854e-04 2.213536183433196147e-04 8.172873538616559977e-04 8.210522303063098968e-04 2.697329239913609207e-04 7.054581584138978922e-05 1.266644842722388655e-04
6.053339345883545141e-04 7.579014290882130469e-04 7.532192170795952522e-04 8.223253320807971580e-04 8.294780294618099743e-04 3.299882792885453333e-04 7.240446781745164036e-04 9.637401128392408117e-04 5.840762623493925320e-04 1.676292907817965403e-04
3.645596879339713212e-04 4.364261160034654721e-04 8.643038326601456623e-04 9.240764649549937978e-04 9.094150565365376106e-04 2.880368090315016004e-04 1.714586427891490129e-04 4.220178154077488175e-04 4.596411053164620392e-04 9.461930934837354677e-05
8.648347344212314923e-04 1.614256613999989580e-04 8.571883698464495202e-04 5.092546845904963792e-04 9.156991881346881286e-04 7.612054795185469814e-04 5.439502608315170511e-04 8.034185305332844839e-04 7.372712571384120806e-04 9.237503287777018785e-04
6.522426348807698442e-04 6.670465054577109747e-04 5.941885197813207920e-04 3.841553339572065717e-04 5.345839390835715804e-04 -1.217760444524846358e-05 4.133336504506209853e-04 2.218507678430646556e-04 2.019270542382119643e-05 8.940136554949341908e-04
6.317971084696489756e-04 5.915081022716084207e-04 7.967347251410712185e-04 3.098844212782269464e-04 7.864719060905309058e-04 3.184557292351501701e-05 8.041785220397247190e-04 9.328418245718818119e-04 7.561455445466310453e-04 4.749899380086712130e-04
3.154326671480807420e-04 2.063160830498769066e-04 4.288673395840614309e-04 2.748166424593039025e-04 2.173616048470254462e-04 5.232032491355421370e-04 4.143119197835001214e-04 6.033996745142137033e-04 6.852396968906419037e-04 1.019089589207885539e-03
6.234406555903701389e-04 -7.376075224272431359e-05 4.792773598459761628e-04 8.586966460533541987e-04 6.962019998232810494e-04 2.182972722046032594e-04 4.771707326242754821e-05 2.839944339354653923e-04 7.489430002443103924e-04 5.717659305547282290e-04
6.551554671782117362e-04 4.498463832279859685e-04 2.803144880129811406e-04 9.598284728940727770e-04 -2.214850715697779611e-05 6.375005078015519386e-04 2.947266919105285296e-04 2.802579152701950398e-04 7.284542545403818433e-04 5.362018360266791305e-04
2.289295760370424503e-04 4.410407110260693674e-04 3.238528251146514767e-06 1.090464658714329421e-04 1.853385858992582884e-04 5.446208373164270226e-04 6.702455037753711140e-04 3.608096978898441888e-04 4.262047791936481489e-04 1.164553367086916720e-04
6.774476442938836196e-04 3.454114477412494077e-04 2.075065149523137972e-04 2.388724147395688050e-04 6.729759547317257793e-04 3.068065528112508397e-04 9.419206449692967822e-04 5.666788263832061526e-04 1.986280002485077943e-04 8.335747936880633091e-04
2.228252538999785245e-04 7.996472066619038810e-05 4.599209684234014761e-04 6.076590571422051291e-06 3.589750236242807927e-04 4.352929944505518729e-05 8.581720948484040153e-04 8.669943153420425720e-04 2.699252451689509655e-04 7.545167058757975892e-04
3.003253897605456650e-04 2.287917901570261524e-04 8.423954324512782522e-04 8.852831318956933156e-04 8.722240001437844012e-04 5.920549463296134740e-04 5.000369036756877007e-04 5.543132512004032147e-04 6.293756118375721945e-04 3.590743091784881209e-04
8.171221093922289864e-04 8.540452242174951560e-04 2.179485962398116272e-04 1.985749289557073066e-04 8.035036807440272370e-04 9.248832255314271261e-04 7.191731820875124203e-04 6.162122923621932537e-04 5.931615397269484995e-05 1.009268648724902370e-03
9.856772036663298021e-04 6.657454189140129923e-04 4.911212730185861080e-04 8.409586969659526645e-04 5.014469905164896943e-04 4.166476432748692822e-05 8.928567273115547639e-04 3.596057458929561071e-04 7.222122550957004936e-04 7.002436898556583535e-05
7.197511513587848001e-04 5.099360117196637641e-04 3.975931509637281309e-04 5.112183141325363049e-04 7.542626646670626365e-05 3.717027776788056430e-04 8.753281132724198511e-04 5.231873376314507282e-04 4.864208081379006688e-04 3.419543195259583715e-04
4.644475279955792720e-04 -5.006397251107495090e-05 6.654306414128603828e-04 7.340491421980191661e-04 8.825013870888794498e-04 7.494276961873588393e-04 3.014099010155717640e-04 2.502001913658525906e-04 2.158836797796158911e-04 2.569885143083822186e-04
1.445409644879215442e-04 1.272754499427012243e-04 6.584825150056796512e-04 4.080642101211644202e-04 6.995745403201405251e-04 1.014776126271485051e-04 7.591750787212684986e-04 5.843522285841771993e-04 8.175007719282840731e-04 6.767919442137423957e-04
2.670014583974165425e-04 3.298477052136013026e-04 5.132219074045716320e-04 3.066511907737612787e-04 8.185431541088530926e-04 4.986985455642325721e-04 6.268370267904121084e-04 5.077051073059776938e-04 -4.963817134049351189e-05 2.066263487120436259e-04
5.703346246101149639e-04 4.607689100693488369e-05 1.194902730900376672e-04 2.585566432473488958e-04 7.923762407380507142e-04 4.468659977635489858e-04 3.397150368947321518e-04 3.227603557449562318e-04 8.596559841248898378e-04 6.092179229195517683e-04
3.445015590246028000e-04 6.591228523361112451e-04 2.147463799786572970e-04 4.890128972571198803e-04 5.609428743315611823e-04 -2.662912545192990308e-05 7.895555146686371881e-04 7.106378147811313103e-04 4.205757683455183850e-05 4.990332681718226025e-04
2.105442169547302046e-04 5.868829991185502051e-04 6.552219479930038604e-04 9.265273053195648113e-05 8.802908335184610287e-05 5.033410124332975870e-04 3.522064785151059392e-04 4.668975786681241863e-04 5.996902419940110382e-04 1.580839872028721809e-04
9.197863122816056503e-04 5.740575791557071123e-04 5.972182704730595853e-04 7.685519316407937208e-04 8.058428837505184853e-04 6.937320883287682004e-04 5.359042128338751144e-04 6.764821122457197232e-04 8.094287388780443092e-04 7.399531616927261654e-04
1.386443971408094921e-04 2.688625095751569341e-05 4.675321438234626291e-04 1.358790936512314820e-04 7.345522396793063196e-04 9.155002258228572398e-04 4.321659663787047944e-04 7.817319400861604201e-04 5.172314864332524511e-04 6.894079482497768308e-04
8.432940091080823103e-04 6.074705170561579088e-04 9.733002865191819376e-04 1.321548858072471081e-05 5.770611398049765384e-04 3.485015741183547749e-04 6.910416719414161227e-04 5.776511992808768372e-04 4.276435968928729900e-05 6.253154620566152852e-04
4.324188639333932009e-04 4.622452209710606395e-04 5.388724440394667900e-04 5.208723979506485859e-04 3.929089507423455009e-04 5.301155650102407991e-04 1.631383693634170585e-04 5.770524445156618998e-04 7.563135168087477007e-04 4.759698444727609480e-04
1.112893235111471089e-04 9.299367295592022437e-04 9.336610816308551694e-05 9.659206244983585109e-04 1.723486382591780033e-05 3.286030481757060031e-04 9.172218313124728181e-04 1.104848981664908558e-04 -4.443910273736971416e-06 8.471971137670702545e-04
8.697679585120150075e-04 7.915549587316807190e-04 8.244536362639891432e-04 1.281260408702989252e-04 7.794330819374353011e-04 9.198744225254841056e-04 9.777236093723258234e-04 7.181750976057820054e-04 8.308492427116639586e-04 2.992059931681521900e-04
4.338195507243386385e-04 9.280058410661843390e-04 6.313467179043060666e-04 3.265553533070562659e-04 1.905668425513258709e-06 2.793835711175707347e-04 5.322946983532625843e-05 6.411308779348944432e-04 1.787263178971114765e-04 7.125738233446681424e-04
8.385072252300441965e-04 1.855570258846037720e-04 3.514984284554206257e-05 6.859218034443740003e-04 6.793175632935987513e-04 4.658467023186089345e-04 3.732114874552250848e-04 6.526615854934820571e-04 7.214980435347824374e-04 3.921536661637837606e-04
5.187315256968863357e-04 7.634769430578862513e-04 4.853554937265519152e-04 8.328992804612800772e-04 5.643078303456833819e-04 5.248122183860417156e-04 3.473876626122245829e-04 8.765415693881081641e-04 9.595342148331530629e-04 7.972766187657537784e-04
5.316479843178992162e-04 9.364365386200893026e-04 1.501437060103151132e-04 6.461471527431825960e-04 3.477684734238438235e-05 7.697597000961545113e-04 4.463575111387806430e-04 7.423827625638683719e-06 7.114244609504687914e-05 9.206395385279014234e-04
8.183277485141735898e-04 6.954883712442538370e-04 2.245022791095811838e-05 1.644391365877750553e-04 4.631435623975473223e-04 7.121877312487977100e-04 9.684980010091428929e-04 8.187358361815469236e-05 8.999042870154566305e-04 5.224517049880595234e-04
1.481125944596478150e-04 6.607307129152855058e-05 9.647012727012810361e-04 9.609079123950941496e-04 1.878361195127798355e-04 9.044140824783631738e-05 2.639642514699818776e-04 4.729367246237224350e-04 5.724891275534675308e-05 1.429746617267458307e-04
8.848226841264671258e-04 8.099081673894709078e-04 3.246523481180097685e-04 6.738256639035491817e-04 1.558142120723428911e-04 1.670051906356975399e-04 1.310697607483315324e-04 7.800602509039733339e-04 6.457612819921279036e-04 5.307492230388510162e-04
2.149233039842936039e-04 7.930903572447804001e-04 6.616969762071707927e-04 4.173209426972113579e-04 5.792472871785182354e-04 4.569665430998082916e-04 7.987564467412549586e-04 9.592067234026113503e-04 3.875094732018811278e-04 5.638080467087969389e-04
4.034466730656492890e-04 3.735497748564604458e-04 6.363504578465061954e-04 1.348289744502806971e-04 5.755075404287600697e-04 -1.415452843207685898e-04 3.360237852397964355e-04 7.200931080301080714e-04 2.939145979533613505e-04 6.988945565582105768e-04
4.822840496880376800e-04 1.970287459429837310e-04 7.081939701326947457e-04 6.260133768187321670e-04 4.404001402081011225e-04 5.793094036709112247e-04 5.335550762031817957e-04 2.132690055075392834e-05 5.700636535836745066e-05 1.698466286177046562e-04
4.056095768345406084e-04 3.900431231647254540e-04 -4.712753678541786398e-05 4.275394007910110570e-04 7.758904777946586822e-05 2.690130125254808365e-04 -1.436275908801583725e-04 -8.473184362806363272e-05 -1.900986353274007148e-06 2.968095025243679672e-04
-5.192042011385054532e-05 7.460594798974210439e-04 3.597479844139976342e-04 2.463671790957968895e-04 5.281258571799263800e-04 5.209070666869164380e-04 1.042645444507869751e-04 1.663790500177137399e-04 4.117994347657754294e-04 -9.937293202959928795e-05
8.640499932102595681e-04 2.933396505204365545e-04 8.016887707288878825e-04 2.020567922086051037e-04 7.486278955266987764e-04 1.480035896930959342e-04 8.688001159826919595e-04 9.318304761742036112e-04 5.764379109240868633e-05 4.882386351161344855e-04
8.507704135758306337e-04 5.508239117940896476e-04 3.348436308486007671e-04 5.007611432833564916e-04 3.048586088769386420e-04 9.687753965252663508e-04 2.063223545789597750e-04 8.031011102085359489e-04 7.148564394648630879e-04 5.367510243668309521e-05
8.110968744756801019e-04 4.432776374057579541e-04 7.939857693494123923e-04 5.682235919740621878e-04 7.432405998190362833e-04 9.839340228729792290e-04 6.905080133713404353e-04 4.698626773936589963e-04 7.557625221059446246e-04 7.545773632543615770e-04
5.185320286666831105e-04 -2.049256687290006488e-04 -1.021690592346412573e-04 1.638762330087041835e-04 -2.115432561576505489e-05 -1.917669167616464212e-04 -1.933678013976367625e-04 3.370857591864824944e-04 2.947830187556556858e-05 -1.332665887180962939e-04
4.030485027274304660e-04 5.802203034010804074e-04 3.156721312460335411e-04 2.385200921930251189e-04 3.890887337050190483e-04 2.203032335353119465e-04 8.571342142497102141e-05 -7.528844789019100141e-05 3.964923199503770355e-04 5.154661068451188129e-04
2.848092794481361502e-05 4.344433916110796790e-04 1.021146845028093246e-04 -2.033064559139433113e-04 1.914789553459333237e-06 5.243795623882842186e-04 -1.940024956922803575e-04 -2.480454619901688120e-05 2.416182187278201473e-04 6.387202076704704573e-05
5.539820120857548783e-04 -4.260688407536788357e-05 2.318923244837955814e-04 1.677163765083941352e-06 2.702484653788978040e-04 1.385684292970793495e-04 1.814772631924018841e-04 3.367108014152421589e-04 -1.124893274990104139e-04 2.476135261061870874e-04
3.880280678514615969e-04 1.883652216811615085e-04 3.042036388727047130e-05 5.901598707362896426e-04 2.431045222871109485e-04 5.321701089637297447e-04 5.295528086059700249e-04 7.470937076827135614e-05 1.275122651392221636e-04 5.439947746339690669e-04
-9.557103273368699740e-06 -1.444993282269704782e-04 -9.666302662036054438e-05 5.034574207332340743e-04 5.715094070703057331e-04 7.280052534018363456e-05 -1.281872996644974646e-04 4.468313870286804443e-04 4.896721750710699697e-04 6.269612283184412642e-05
-2.197664391674691918e-04 5.655218902465799407e-04 -1.108583178485640121e-04 3.947957039000626715e-04 -1.351469776444091570e-05 6.201188562271550556e-04 4.936752645177658241e-04 5.860065576890804897e-04 -3.346777960926001203e-04 1.216402001195805688e-04
3.641901207144880690e-04 3.943015065700354355e-04 1.830075673678756407e-04 4.777130601684373423e-04 3.144157987589592750e-04 -2.333750911546993699e-04 3.669938592814774893e-04 -8.480820892125389158e-05 5.111519685979311898e-04 4.562413275990142929e-04
5.284007524186749415e-04 -1.845758243310953277e-04 7.551104870130553436e-04 5.194509646270077967e-04 -1.465381572879261853e-04 2.944160260824055307e-04 5.806307691300780427e-04 -6.951881949783930627e-05 4.438158419097698918e-04 -3.031291811198056607e-05
-1.576917185966625128e-04 1.989271447533113896e-04 3.205049595247296836e-04 -2.390730076908673314e-04 -5.200523344557084497e-05 8.130638318047771478e-05 4.508528589976781224e-04 2.090222954248388673e-04 4.831464007881725053e-04 5.768751429349891708e-04
-7.344253520771167314e-04 -1.340934953509712382e-03 -8.781465552601573025e-04 -3.525963139920665020e-04 1.467155634198632781e-03 1.322362088398648314e-03 -4.454964178406872668e-04 1.151274395002579754e-04 1.294017717579098526e-03 1.308918432374206594e-03
-1.263113327447717765e-04 9.806742378871337752e-04 -1.094312549404735093e-03 5.399399684090899201e-04 3.204516549111369574e-04 1.442316745248928668e-03 -6.735501090043362381e-04 -7.612231301659901821e-04 -1.539536272365423170e-03 -1.575269750258654266e-03
9.483804773571241219e-05 1.702738751032810188e-04 -3.992724139103023492e-04 -1.363994986524665227e-03 -4.612547129137731803e-04 -1.542764482344162729e-03 -1.477665472996187324e-03 -8.303458585940274922e-04 7.315306839348974157e-04 -8.417257229703219374e-04
-9.419968108041205240e-04 5.630505047161124890e-04 1.157190077386419319e-03 -9.152575003438786832e-04 -7.955217742839464090e-04 -1.243143864226132708e-04 -1.019893334814263948e-04 1.005998101391319521e-03 -1.752404441056935002e-04 1.761245727474712185e-04
-1.206870860749072573e-03 1.027085646508580459e-03 6.886059369829432850e-04 4.067041643950818314e-04 -2.492540000592644110e-04 9.180026039689246882e-04 -4.132569116769185032e-04 -1.766609870357131349e-03 6.256999667410299620e-04 -3.669583965382068580e-04
5.914758912416609275e-04 6.212675628494060799e-04 9.526992600569424456e-04 6.016929906918591776e-06 4.525063798042178279e-05 -2.707433949552576734e-04 -1.407595013617822782e-03 1.114471343046200729e-03 2.310485279492512122e-04 -9.606992793096769210e-04
1.530405032145832527e-03 5.189024835550719739e-04 -2.159860634267912191e-05 -9.906903738866754345e-05 -2.157819850856925012e-04 1.083648410065995256e-03 -1.348865167740450960e-03 -8.721028669718739910e-04 -1.626459825381863355e-03 -1.026310524644958016e-03
-6.045822474415816892e-05 5.855798668688526592e-04 7.681829856591687166e-05 1.205769714369934282e-03 -3.403585172438604507e-04 -6.818595222881122190e-04 6.899803225615888528e-04 -5.056592292168208625e-04 1.102710395339510279e-03 -2.343875209315329810e-04
-1.482739597916879915e-03 1.076652542089492426e-03 7.005015130170931829e-04 -7.102313601094605044e-05 5.831211333811038263e-04 1.073899110108817150e-03 1.450269095397668621e-03 -5.072172362897901625e-04 6.143623030118539139e-04 -1.396611707205983087e-03
-1.223021391566642959e-03 9.636273977348233698e-04 -1.503636470752787698e-03 2.653188639666415657e-04 -4.158313955845520642e-04 -1.234875605695570167e-03 -9.179072909047785974e-04 1.201919971431015133e-03 -1.036060021002659570e-03 7.887440753943708366e-04
1.358001328481386796e-04 -1.419535695867586733e-04 4.102788302739421322e-04 -1.350133169673623673e-04 -2.052303512605480854e-04 8.186023641939910525e-05 8.411537009672273796e-04 -6.921066003928087696e-04 -3.155645978208599300e-04 -4.330735245015660863e-05
-1.381484900889340276e-04 4.975140643034843112e-04 -7.605583694763597092e-04 7.212331720005249859e-04 5.865089900444979619e-06 2.350473297878427604e-04 6.458962848605941760e-04 7.051945037634385410e-04 3.652194733254291044e-04 -5.522991225379565803e-04
-5.985836360110607371e-04 6.800657114419755508e-05 8.810249773155336226e-04 7.563435264058702067e-04 -1.760379103184785043e-05 -1.874849530501137044e-04 4.008022837084104588e-04 1.850466063615196599e-04 -5.209798726833983918e-04 1.754923185529114996e-04
7.410506251648398598e-04 1.252687393167106018e-04 5.892177037655612964e-04 5.291744886068507113e-04 -4.688747826261168371e-04 -8.486550411167745887e-05 -1.419747167975619049e-04 -1.793423090784027150e-04 1.453091736435409937e-04 -8.327352701028810627e-04
4.286582488681404523e-04 3.245623629303835277e-04 2.291025679243200016e-04 -4.872836173074652122e-04 4.959967689301996363e-04 -2.879907407744676040e-04 -4.592829664660780502e-04 3.841829088004077063e-04 3.210229922497592086e-04 2.330507758319953543e-04
3.100752583093358775e-04 1.088983415817486528e-03 -3.812699522144877588e-04 -9.263515251417707885e-05 1.103757909318922809e-03 1.368269305543312522e-03 -9.075536191111638546e-05 -8.977735944803285283e-05 -1.765661977553737794e-04 -1.448049986898132524e-04
-6.257383527870928651e-04 1.200397794915681286e-04 -7.145432794201469519e-04 2.764910915298547330e-04 3.175449071989271533e-04 7.919641719842942466e-04 2.816920074609841952e-04 7.364593269291378049e-04 7.548447459594399009e-04 6.701439313167869248e-04
6.581879067595679494e-05 -1.969322594826441162e-04 -8.604963573273181074e-04 -9.578935945903752796e-05 4.855973739553470412e-04 -2.339055098168545490e-04 3.324658044946401719e-04 5.069995753649607015e-04 -5.954698272559086732e-05 -6.067459343733567958e-04
5.022857252479854661e-04 -1.058930861728475957e-04 6.680692269433081976e-04 -5.242757154866714737e-04 7.886251422126347270e-04 3.489439297283621110e-04 -1.429677212013459597e-04 5.764207797403739534e-04 2.922357950111718135e-04 5.902469500688517154e-04
-4.123887163939155128e-04 -5.337337531543923617e-04 3.569191554666649620e-04 -1.693727074702642741e-04 -4.875507887953811777e-04 -1.795380154110483067e-04 5.894057709492965888e-05 1.614250414690106055e-04 -7.360981792344386502e-05 -4.889842318019632910e-04
2.357744757193107419e-04 1.772258721027659641e-04 2.245781962978219814e-04 5.416963427794993773e-04 9.310284429570963270e-04 5.774845664441010046e-04 9.612005882335748590e-04 2.573346233264575201e-04 4.799335057314315462e-04 8.171733830979038002e-04
9.832689607024282328e-04 1.672974068986602812e-04 5.463070796617728372e-04 9.440510928571391918e-04 3.911960627839391937e-04 3.864781903145318698e-04 8.415749875715488335e-04 6.169263068948911818e-04 3.781744686160594241e-04 1.551979833999527088e-04
5.304188015229338018e-04 3.912923335147416555e-04 4.618063853262516900e-04 6.041661009676413136e-04 6.616244591820122714e-04 9.229422627341724722e-04 2.940421877237920788e-04 2.569043150919850206e-04 2.173882781093978425e-04 9.206088715758191723e-04
5.747909899030679811e-04 3.627281754143598909e-04 5.922010064899121138e-04 7.812683565579171992e-04 6.773042295820299197e-04 1.056341440965903612e-05 4.443646495084387213e-04 1.902192788837577919e-04 2.879961736973424304e-05 3.230466458557783738e-04
8.826909681976803342e-04 3.984032073762468310e-05 9.284261495317490615e-04 8.004395045417020491e-04 6.385426661271483137e-04 3.450616979962921349e-04 3.279051912052969556e-04 6.008629522417910287e-04 8.268375954584368699e-04 8.458843022008678261e-04
6.428287853435690584e-04 1.042313685574485833e-04 7.077138821819192087e-04 4.662880973480328247e-04 3.591525462565282986e-04 5.354625304041128872e-04 4.569873465335369533e-04 6.060487506009134369e-04 2.260594345074484659e-04 5.097881047989197105e-04
9.659787566274880260e-04 1.414731778533218922e-04 3.183921787519069092e-04 8.630804529670636077e-04 2.395499645031736510e-04 4.827952475793311697e-04 1.934924343555371573e-04 4.453525313592454366e-04 7.208305130146531060e-04 2.633623357924130305e-04
1.451946297370430221e-04 4.196880039991328771e-04 4.108486045497257715e-04 8.862462108366247007e-05 9.016850513486102028e-04 7.567412611206808613e-04 9.476076116075128402e-04 1.375833754185283640e-04 1.771886379598519633e-04 3.334686747000106095e-04
5.243891749354594525e-04 3.894992917099842581e-05 4.788072174639072316e-05 3.058380289330521430e-04 7.269033998829774147e-04 4.313794563800807174e-04 3.845657883021673189e-04 5.295098663432560877e-04 2.481696782511722552e-04 3.782178066683376241e-04
3.253707391690058531e-05 3.166586940774381996e-04 4.531353368451250530e-04 6.358362092025293525e-05 9.405200445737074916e-04 8.958109231655387271e-04 2.169641158912243429e-04 8.310209547491191964e-04 4.585535659436647607e-04 4.453599077449301564e-04
5.752772056823402067e-04 7.085584331298988917e-04 5.574048213710504438e-04 1.886024982997580449e-04 4.787030881066933828e-05 6.087631264505985939e-04 5.548148730549318881e-04 3.138208620234587184e-04 6.543776902613089802e-04 7.347949820629023389e-04
7.850776154990831432e-04 7.843470090505856021e-04 3.866542778448492888e-04 5.788762608022297255e-04 7.224176354320404735e-04 4.786574857906182980e-04 9.565560958496329260e-04 7.065948087273790689e-04 3.561220900254430497e-04 7.458563684585966776e-04
6.132771148769238000e-04 4.547113528288332655e-04 9.296192960707097422e-04 3.003732472823366349e-04 4.048054001514128571e-05 9.396469939395256637e-04 9.517513386557828079e-04 1.749754107171464749e-04 1.852320389691844784e-04 5.313923236034491559e-04
2.208648526556069322e-04 1.981920418058849282e-04 5.585849610005158897e-05 6.116503938996386419e-04 5.455752815292157047e-04 2.117385841891541076e-04 6.724437593033463258e-04 4.226126173065871392e-04 9.682174016401669291e-05 7.980511569301221428e-04
8.449379011745846400e-04 1.489850688968197517e-04 8.111100130416953055e-05 2.452617975435161823e-04 5.770734684591857181e-04 2.290288161632303594e-04 7.263170393019077352e-04 4.613323539023847270e-04 9.483481764258411750e-04 8.522073142739185290e-04
6.711264684180286199e-04 1.215156355430802579e-04 9.620186940247865649e-04 7.436737834776575677e-04 6.123509730918221851e-04 2.122801145397669402e-05 7.648714664669194283e-04 7.776293449102533034e-04 9.566335144906339344e-04 6.646355464963528458e-04
4.326545074009555429e-04 9.514297351196401289e-04 7.267013873560755535e-04 6.936508784398968605e-04 7.292352790578625994e-04 1.778599635633970600e-04 1.146028964340970222e-04 2.614380365148140806e-04 8.504291012158542596e-04 9.272578852182259941e-04
5.913659136854576429e-04 7.505741768888224376e-04 6.169466080481177681e-04 3.469970582950035747e-04 8.850456257126304387e-05 7.858202807747958910e-04 4.715977905780656095e-04 6.464353845146788864e-04 6.096096824052634790e-04 2.214952831720964953e-04
2.575317587045508161e-04 2.161657647427438634e-04 1.552748056082769513e-04 4.749431881665086021e-04 2.265029597768053414e-05 7.772145022104071880e-04 3.569141265889890792e-04 8.845160365411636899e-05 5.718612510320737145e-04 8.971456164911052256e-05
2.808028654116412467e-04 9.044231943638610083e-05 3.707658673131692599e-04 3.349496202225922190e-04 1.339562293100308326e-04 5.585856818795860044e-04 1.859270912180075640e-05 9.457417023081659928e-04 7.069719917056726914e-04 2.558312184495908654e-04
3.408275531449471993e-04 5.962379426483069636e-04 9.267640004242876182e-04 3.435690446765379716e-04 9.077891518609118582e-04 5.866335697900199953e-04 3.089407177851214402e-04 5.902397824528234516e-04 9.734388442704439745e-05 9.007768215206844297e-04
9.327565705569780454e-04 1.449035210948444036e-04 4.103926625377065382e-04 7.298308838642007931e-04 8.288051071369985498e-04 5.259831768871758547e-04 1.214604835706920130e-04 6.712575135135606945e-05 4.569905391414333753e-04 2.301343046852538903e-04
3.150946253820274975e-04 2.055746475055712018e-05 3.097361331123403002e-05 2.255288209787552876e-04 1.134132185878786257e-04 7.624027579288939318e-04 5.117264759422346246e-04 4.792570351503228743e-05 6.387365391480106245e-04 7.538218306671977918e-04
1.541537549013024112e-04 7.441283194816066850e-04 9.098725751817112253e-04 2.620136795121314182e-04 1.400341419614759214e-04 2.560836710309019539e-04 3.132938327805760226e-04 6.676375074252315035e-04 7.716231434778357675e-04 7.442102321300343021e-04
8.132692429241466549e-04 7.155621422310708786e-04 9.818001715809628830e-04 7.478799102939004927e-04 6.973591534855449548e-04 5.075178403900139530e-04 2.318909868059165530e-04 1.733219844582668215e-05 2.533818550828491169e-05 1.347090247286364569e-04
6.738440139817028886e-04 9.555582211158358341e-04 4.781261343693536930e-04 8.576328935982180900e-04 2.707984807213890651e-04 4.821940672020557945e-04 2.294238428024860603e-04 2.277578451183741076e-04 9.178459319292316251e-04 6.044294158011969363e-04
2.696090652445161970e-04 4.227343831419522690e-04 8.849035393440035212e-04 1.211878403782727117e-04 4.748668127717811422e-04 6.707309274305073071e-04 4.444630162802959894e-04 4.258173415825587801e-04 3.207261355552201709e-04 6.442746878618927893e-04
4.089824827682198320e-04 3.220084806471939587e-04 2.517514926583668835e-04 1.770336975534697089e-04 3.937414537986650375e-05 4.979978548562402890e-04 3.110912202114454262e-04 7.013015010553261220e-04 6.592609892152765869e-04 7.783927146122257687e-04
9.543812433905815833e-04 1.829701915397288932e-04 8.723342922883482557e-04 4.808059603688748674e-04 4.910246747666906090e-04 1.173114198919302149e-04 5.016170095536754423e-04 4.891666985263812403e-04 2.002065835588099176e-04 7.106233335513240286e-05
1.747140941999431691e-04 1.156860653759677043e-04 1.984537693846172063e-04 6.540051309399659389e-04 2.596672657869479443e-04 9.087256417274483728e-05 7.812478781591377427e-04 9.102517364586686218e-04 4.790789257182025292e-04 9.245398465900100558e-04
6.109131982457540518e-04 8.258942985080158089e-04 9.323872594461398268e-04 6.909780759788658553e-04 1.973081176161366334e-05 4.809744942592470351e-04 1.917343442926769327e-04 2.753973787935742857e-04 6.680565596885132970e-04 7.969240974879623256e-04
3.831028871477420604e-04 3.861206464554256990e-04 9.167987798992943693e-04 8.303062578100828001e-04 7.647303530032482195e-05 3.615911511060750550e-04 3.113310679248835366e-05 1.085716740621991928e-04 1.849424033510365230e-04 4.193599839201273065e-05
9.167523740825001726e-04 9.723765108798062889e-04 6.637034667383867343e-04 6.622057586128839027e-04 2.555645873103038596e-04 7.406235548198911341e-04 3.746805241775173745e-04 7.696005239426030120e-04 9.470454095779026098e-04 2.250833895295000994e-04
7.839613242314443029e-06 3.435788138837893389e-04 1.447205044591912267e-05 1.178085866053015321e-04 4.286526235879508772e-04 6.724573036957806572e-04 1.798078125180159307e-04 7.905534996832465941e-05 9.421775677709464574e-04 2.987203145588016267e-04
5.129227791016933904e-04 7.796976801399689344e-05 1.640804537217572558e-04 9.373321159084983248e-04 9.567884998151454093e-04 9.559048241843904822e-04 1.213909980662052589e-04 2.878151874367902859e-04 9.018934313664187874e-04 6.758448407230872737e-04
1.185474747201316554e-04 1.393803598324214654e-04 1.573928431629460789e-04 5.646668060663288281e-04 2.565816905084580585e-04 1.162210306679946169e-04 7.618792504603420562e-04 2.542998145948751547e-04 3.008558572808741564e-04 5.537992508225410152e-04
2.430849964837311888e-04 2.774231124802178515e-04 2.123858807710195880e-04 9.127607469017821580e-04 2.695573337099446817e-04 6.236213673856985890e-05 9.617551360988913899e-04 1.694307945040353250e-04 7.068397167358140502e-04 5.181336063468492976e-04
8.946431619098505232e-04 9.611058159735531240e-04 2.563477213367255166e-04 3.889461835194342812e-04 2.542438516016971178e-04 8.368007661617130229e-04 3.193341776881768916e-05 3.167730523724920965e-04 8.020190148029627359e-04 8.268707464116508603e-04
3.745105366059254832e-04 5.108256741506872218e-04 1.537382795309338520e-04 6.666060151045241113e-04 6.449793813405972891e-04 8.250969558814035335e-04 7.937416536393977502e-04 9.318147928964522642e-04 9.779752506966557773e-04 9.351612473709064195e-04
4.351837532645567519e-04 8.610009903524526095e-05 6.121879869875675607e-04 4.222714663647685767e-04 3.985106904687374336e-05 3.130618047996324305e-04 3.859901829327282196e-04 4.207876706776301264e-04 2.838783546291271114e-04 8.779439378039941358e-04
4.326493276173771943e-04 4.913463909798966057e-04 5.451290627221387804e-04 5.144761570613421613e-04 2.841773904576953510e-04 2.009975480989640423e-04 1.220866552141105097e-05 2.067437515732640824e-04 8.341963563152193480e-04 6.799468817345402649e-04
9.828114397479872574e-04 2.232949890944186939e-04 1.799363875341506640e-04 3.271295279002935249e-04 3.495408219168081774e-04 2.945411101677877048e-04 7.851530184222752298e-04 6.048415787429791638e-04 6.294757636186704662e-04 8.870357700746646194e-04
8.495002278915613023e-04 5.332332857008434445e-04 7.633900201640416274e-05 8.239406339181508301e-04 9.655527300097591862e-04 4.405213208146572623e-04 5.209538569764258012e-04 5.065855190725881236e-04 1.977588184696522412e-04 6.926107605110074384e-04
5.073086017543682741e-04 4.888505254041342487e-06 5.930410160821011347e-04 8.264131206499143387e-04 9.613486768509509365e-04 6.785181067571526220e-04 1.072329689909825245e-04 6.674251355993131643e-04 3.879994001799802277e-04 5.831874643466177822e-04
8.236108089665407925e-04 3.918702256162817340e-04 7.448116685571510003e-04 5.868641460601251329e-04 9.407277041410069297e-04 6.894865767401360144e-04 9.655313876346117421e-04 1.977231509037292274e-04 6.873915919222519690e-04 8.702597057004891109e-04
7.292770043421256893e-04 1.760883677330025759e-04 9.552755206884227211e-04 5.040348074208559704e-04 4.141168679504236274e-04 4.024465289209169815e-04 5.935483820660971332e-04 1.350872730802650144e-04 7.724176287483960814e-04 2.377260874478405071e-04
5.221692281653726167e-04 3.849477775484465265e-05 9.032315282711624906e-04 3.887434161151228696e-04 4.684311440228650330e-04 3.510683103883889349e-04 6.488268179450348621e-04 9.280244398763482134e-05 5.562569690314395987e-04 7.065376812135353707e-04
8.824645005516342259e-04 4.067868811518308265e-04 6.559884442729629634e-04 5.336923007740710127e-04 1.930122839133215919e-04 3.204767089640085252e-04 3.390154373200567062e-04 8.660762836882645232e-04 1.290863268654278623e-04 3.296894526287235988e-04
2.991359916631224558e-04 5.781178314160668064e-04 8.137219927214018719e-06 3.669222723174475577e-04 3.372603132421543083e-04 7.079450523982703733e-04 6.969337699414167786e-04 9.297572010892848947e-04 5.144739484471074105e-04 8.519260584957410488e-04
7.500291945262859599e-04 2.011933103699157046e-04 7.929141824463879990e-04 6.169742371515519281e-04 7.637349714033745849e-04 6.232115496844954378e-04 9.841829312372965891e-04 5.646302860707220084e-04 6.030387992108046007e-04 8.863596665910947973e-04
5.576227627035710037e-04 4.837163031043950189e-04 2.039991972993366410e-05 8.138152251141316136e-04 4.855181457858042684e-04 4.889596245201395606e-04 2.681607481047649654e-04 2.342930216980213377e-04 6.779186692911657935e-04 4.857486874335087564e-04
9.173351697038854098e-04 6.148428810353691104e-04 5.671494680007549850e-04 5.264561487892608759e-04 7.505520646115522530e-04 8.661894193093477249e-04 6.532245082236991197e-04 8.365210570881826064e-04 4.604708659724357283e-04 8.093395782471375481e-05
1.285112174118647056e-04 4.612936202212984628e-04 3.392386374013238947e-04 2.834107394538427742e-04 5.358247368022980590e-04 8.997338187675016060e-04 6.030767225322247217e-04 2.598258114889362555e-04 2.536381001066407908e-04 7.905113551389415100e-04
1.894347901415284485e-05 1.785606546498432303e-04 6.927985986580870821e-04 4.510773220988594434e-04 8.533472966839274936e-04 9.692228914324712945e-04 5.114881512403238054e-04 3.925771075506227781e-04 7.968789014679317651e-04 7.403463517440508944e-04
9.660416712658325539e-05 7.790096791000820442e-04 7.852894102137414432e-04 3.899031816832648789e-04 4.559652591492054205e-04 4.051460861791768048e-04 4.387282349738816519e-04 5.979755468235391875e-04 6.423372479498891223e-04 6.109007405734922288e-04
1.813478664799540816e-04 7.330987817613846924e-05 4.496326592657111355e-04 6.384230162295722070e-04 7.808395151054512361e-05 6.857573318813280300e-04 2.266629598819352813e-04 7.845227491353614453e-04 4.339079332520524922e-04 4.347057369397598864e-04
7.574395946593634411e-05 8.839047069249206462e-04 8.125564135717178648e-04 5.566644567992595598e-04 1.127278873482870592e-04 2.411652152215009866e-05 4.841405168964598620e-04 1.477551856033545552e-04 7.806663584668329953e-04 2.034078231326041637e-04
7.691485677325014076e-04 7.182261285828762032e-04 1.996837813018161913e-04 4.309902573460042260e-04 9.574627962835442719e-04 2.875987493351653897e-04 7.551277480400510941e-04 4.991986666874563940e-04 5.368223599388261989e-04 9.538276758681939584e-04
4.719293647902162640e-04 5.420449991732042335e-04 3.998186583138979414e-04 4.607563141228564066e-04 8.738275546520640584e-04 5.569104799933259891e-04 3.634535914574614219e-04 1.654879666477447825e-05 1.274549195032104057e-04 1.391737637469553043e-04
8.685983360151015333e-04 7.614008890343992072e-05 8.098529454015069825e-04 3.349535528493139389e-04 2.227630186921675189e-05 6.678335938658669108e-04 8.134509305831256939e-06 5.219999576997627969e-04 5.359357192429168226e-04 9.203979829052333231e-04
1.826845477824254457e-04 1.939231978144398839e-04 8.389283890821687883e-04 5.644383600591506997e-05 5.591327468102790356e-04 6.541559654905042915e-04 8.420743270174207941e-04 9.237588686978244229e-05 7.433377805618472016e-04 6.898836078738209083e-04
2.070952959897463255e-04 8.019093270762226149e-04 5.548643399741012448e-04 4.817016907594795787e-04 7.662272848513044035e-04 4.908174106202596472e-06 3.526914157791780427e-04 2.829263992120448451e-04 4.810878393559492029e-05 3.429576823618985556e-04
3.269194442971220475e-04 8.079912115031068947e-04 7.372551821092486078e-04 1.604366691031898669e-04 8.799016082687305135e-04 3.999423973830235957e-04 5.135617727113053668e-04 3.179095224301618566e-04 7.077233571148111926e-04 4.828224863682363684e-06
1.153486829517663009e-04 3.878994326672966647e-04 4.181211787577497358e-04 3.233882747674331182e-04 8.666676341161108589e-04 7.153788257047030913e-05 6.006927624295617602e-04 4.719483767992598998e-04 7.864955997368123066e-04 3.701679942678844635e-04
7.498410552556636572e-04 2.981637288882298814e-04 7.722315006079741957e-04 4.640745989722948068e-04 7.196254835949645245e-04 7.017827076620409968e-05 3.096637529669333307e-04 9.225908914113033210e-04 6.506714186588765736e-04 6.672491993432026920e-05
6.409536186242705035e-04 6.717913552274660735e-04 2.097848961604301750e-04 7.758656043006134954e-04 6.155247586954187432e-05 6.008042457623812872e-04 7.055855497611119610e-04 7.179809230527286600e-04 3.342488512985938897e-04 3.326213574334569226e-04
8.177542186152818738e-04 6.926683846082319976e-04 9.154481141850204012e-04 5.150299342413878828e-04 6.967995671659721812e-04 7.491845797148822877e-04 9.195422775807551201e-04 8.419242455089141677e-04 5.935294915601773032e-04 9.430952055619218908e-04
4.200883213895991179e-04 7.015452850595170400e-04 2.657347006052591378e-04 4.296576206858941166e-05 9.503820082907539837e-04 8.458017769352909254e-04 5.774013247859206615e-04 5.462585470319775366e-04 8.462913859307361454e-04 2.684011431973691445e-04
8.738057749911503150e-04 7.565438390328693696e-04 9.215349226030153645e-04 3.255866470197028395e-04 2.788037679576439221e-04 7.999351425634649573e-05 4.081169773749299384e-04 6.504876327186214684e-04 4.322679225503364307e-04 2.108292609325033572e-04
1.123530046732313283e-05 8.190698728541603293e-04 8.750378283236535416e-04 4.897639169796928001e-05 6.221864340658170853e-04 1.875470465603027445e-04 8.201743555255872802e-04 9.471163713980261739e-04 9.133035341865917370e-04 7.431436944920603600e-04
4.848118429701145328e-04 1.216657169062577688e-04 7.364211890079270552e-04 8.887839769260379814e-04 7.453576820382774035e-04 6.145267922500423753e-04 9.179604827893142775e-04 3.556901948694635336e-04 9.276582620065081108e-04 6.394044006050421869e-04
5.797778630083609840e-05 1.928887638380952327e-04 1.515763154554803446e-05 2.724168414297199219e-05 3.432700924772324265e-04 1.590000521171137547e-04 9.522820295732996885e-05 3.086427473658191105e-04 1.249550916681238012e-04 1.620556344600509633e-04
2.628165432195152403e-04 2.302160856465663020e-04 5.211370060733219343e-05 2.600617214103468407e-04 9.410338340642207663e-04 8.798360278776549070e-05 1.664027825225946385e-04 9.073503958537807086e-05 6.333208039471890276e-04 8.512041846012204224e-04
3.421509489501008941e-04 5.686072321851432356e-04 9.739876116007643338e-04 3.655201366810270484e-04 8.152776068404000813e-04 4.142452814309098151e-04 6.609656230839072895e-04 9.607519012239060805e-04 5.021841846367432064e-04 2.362587185723623523e-04
2.183306400366315551e-04 9.014613174359340864e-04 4.125091377065035121e-04 2.157921023889939271e-04 1.425926703485258539e-04 4.892962701952037344e-04 1.152734777444667683e-04 8.057568130234577224e-04 9.083507619111001177e-04 6.807370375124402549e-04
1.020360377062100451e-04 9.719790531861200985e-04 1.299423022571799481e-04 7.854051113834165749e-04 7.005527093863994593e-04 3.561441386178304546e-04 8.393545271537200363e-04 2.609012243158759475e-04 8.683143603618377225e-04 6.931979893116751133e-04
6.867641066734571495e-04 4.334410821217841579e-04 7.841967242963627117e-04 5.702825293654083597e-04 1.746327576923841266e-04 1.763607452849871523e-04 4.582057615845363152e-04 1.129828427284548738e-04 7.678078405616632586e-04 3.681818240998587790e-05
2.996258238168709813e-04 3.307876873250378434e-04 4.555497189721774464e-04 4.511105111748205262e-04 3.193061568598707365e-04 8.669719286216088800e-04 2.339584370770169796e-04 2.748717166048260884e-04 4.285959747097615644e-04 3.314792038895547914e-04
6.670653112654410452e-04 6.748382571966913320e-04 7.760798985751713504e-04 5.793765074172957255e-04 4.122848403318248619e-04 8.380012955760512668e-04 6.981168325767143131e-04 5.620865438625315602e-04 6.854680376500229145e-04 5.613603698137942851e-04
5.888084787373257332e-04 4.532124484420711123e-04 1.649749928654618397e-05 3.317287138615306036e-05 1.818802957207732408e-04 1.149365846838043277e-04 9.076952358314286338e-04 4.595706368723243744e-04 3.736114798685111768e-04 1.744853666645269680e-04
2.560404304160683142e-04 6.424352958583290580e-04 4.881866601461596787e-04 5.259326474887042599e-04 8.957716986535084859e-04 4.133623070068447687e-04 8.188853765736316430e-04 4.525089430297546660e-04 3.230313615455349292e-04 -3.588751093422665325e-05
1.984699299553958657e-04 9.578467873767845038e-05 5.211537980844773051e-04 2.019830943047028616e-04 4.731069457808940787e-04 9.133582083919496034e-04 5.671063362250347399e-04 1.590719406533707564e-04 2.371825974877243696e-04 8.023245436139165611e-04
-3.040286372868307663e-05 7.611421908466377804e-04 8.887561549352227322e-04 3.364848759761137069e-04 1.168122343696760296e-04 1.940944828333236857e-04 3.742975182489027201e-04 7.929138311734609118e-04 8.721377086365217921e-04 3.863910847770945589e-04
4.818187722289926525e-05 3.502787902242200267e-04 2.771255420047330606e-04 2.160938275595711831e-04 3.088405179080101022e-04 4.338349493841409305e-04 4.873639765897112689e-04 5.555958699273980030e-04 7.541671103338415958e-04 2.224446930394819496e-04
6.211634914514160095e-04 4.944426181969290793e-04 4.440666661477104659e-04 -4.443868576970189278e-06 4.426095717104144194e-04 7.441748218331719440e-04 2.110583940904665293e-04 7.930903876485009569e-04 3.534990824880109538e-04 5.569850395467643763e-04
1.685507195724201266e-04 -8.748446474998815942e-06 4.515826081522033067e-04 4.810732793872890133e-04 5.944437078269593179e-04 9.145683657811884491e-05 8.304667418084008121e-04 7.180276624002440190e-04 7.170654249486828162e-04 4.547254406945293792e-04
3.046030880630444027e-04 4.714022391248815684e-04 2.945865017052011481e-04 3.203507728313533367e-04 9.133495341614285626e-04 8.732979750252723100e-04 3.333920789073898544e-04 9.038866706789099904e-04 7.287586292444641831e-04 4.608036855778200724e-04
6.292450036324132284e-04 1.074340017135192886e-04 1.261519397641637508e-04 3.965730001324739465e-04 8.533162249954945799e-04 1.212356514559752383e-04 5.761654444526962283e-04 8.084428152070259437e-04 7.516486714022052595e-04 4.478184516465136462e-04
7.916318250465488723e-04 5.014450690574873701e-04 9.609463955283324829e-04 5.215193191361964381e-04 3.144249655698435329e-04 7.753425201922123757e-04 2.485103902105069364e-04 5.655916049233711057e-05 3.585230596310223111e-04 2.918375303796052296e-04
4.734454301556715241e-06 8.711256813968998607e-05 5.113960593727380705e-04 8.582130147980496443e-04 8.481251922326931173e-04 9.357187408445037061e-05 5.274391667163800569e-04 2.215129944161750987e-05 9.080007958467123776e-04 -3.612275156559952688e-05
4.852269922792028754e-04 1.155064855521667938e-04 1.027250005423339897e-04 6.187339398595057601e-04 2.503830710959786235e-04 -4.545063206490635501e-05 1.031232120378735824e-04 1.348306975055370879e-04 3.829616613778015597e-04 -1.431226985543796544e-04
1.303077563321476250e-04 -5.629962512726949269e-05 1.069218242791006789e-04 3.106447742325491685e-04 7.291627352064767491e-04 -1.132311674022944027e-05 3.139976406361317585e-04 3.597612336379401579e-04 -1.643399586089138733e-04 -1.706723755280097792e-04
3.060902095313447675e-04 1.617869349552847683e-04 4.763057838506836350e-04 3.210025413095222990e-04 -1.431072033974159995e-04 4.952850429955585419e-04 5.233400334212737377e-04 4.839373013532229594e-04 4.159349445396306653e-04 6.548136690485586000e-04
-5.039335277331895605e-05 -2.954908449799029132e-05 6.470519747331664098e-04 -1.118914352875139581e-06 5.936679980506488329e-04 5.938082346818197984e-04 6.810093580378443791e-04 8.432308069909838456e-04 3.602994478139589975e-04 6.327246575059771632e-04
-9.535562368196582466e-05 6.725896656457503462e-04 -5.377367658593868436e-05 3.082041617789756517e-04 5.634820240232188762e-04 -2.025271993229127020e-04 5.387637685661172612e-04 8.986618506456273765e-05 2.592896880974896357e-04 2.123399554678530378e-05
3.123750481384003196e-04 5.651987278877477344e-04 2.380112341313248372e-04 7.065156087781209121e-04 -1.900668759456167060e-04 -1.396334598376111678e-04 6.575441833129906872e-04 -7.518645604725029182e-05 4.101191362488831827e-04 3.469704044210712777e-04
7.325745281319005677e-04 5.131164415897626792e-04 -1.061617586443344485e-04 5.961733017363312053e-04 4.837188517926818996e-05 5.651969421306075924e-04 -4.875143052157154282e-06 7.664680196249491751e-05 2.313937399358760919e-04 1.145656274305978319e-04
1.957199283127979302e-04 5.382100047140954456e-04 -5.902574772926473372e-05 3.196512700471470852e-04 9.788903904843801018e-05 5.500893146193914368e-04 1.267936544407281081e-04 -5.997539465277316296e-05 1.975015226003715792e-04 2.356415584788461792e-04
8.009295319956293274e-04 5.285454773343379112e-04 4.075180484127510728e-04 -4.433313840749927176e-05 3.886697385511543579e-05 3.466697029374178791e-04 4.113894310035688955e-04 7.381952785320325915e-04 -1.740708956070768552e-04 8.195002983754095280e-05
-8.788351726398729760e-05 5.190945237054930350e-04 4.758077484317820645e-04 2.758456191780276289e-04 -6.547255020054839659e-05 1.116963733854373650e-04 5.816700827934915240e-04 -1.269149516883330911e-04 1.349315335933179406e-04 9.757418919263196341e-05
-1.391452623155947253e-04 -2.068045349228408254e-04 -2.882794554309679042e-04 -2.379124723851057041e-04 2.078830924189421976e-04 1.875025506499155387e-04 3.534451527122217489e-04 2.222196874089821207e-05 4.048500737327265468e-06 -1.462437367110446559e-04
5.391897585242841318e-05 1.532373292893419385e-04 -1.877953701284600400e-04 2.892181602151836168e-04 2.741649827719340091e-04 -3.911874528045970745e-04 -1.522423602683536394e-04 4.319591254287689767e-04 -2.046169045798672227e-04 -4.742007771123111126e-04
-4.911154735569049287e-04 -2.792688567704738997e-04 -1.618700223021772154e-04 6.664383320459127836e-05 -9.543100649638143734e-05 2.824576892845518630e-04 1.354570981405804478e-04 1.107310427204261354e-04 -6.111055043264635096e-05 2.012110439131440309e-04
-3.067088208339649718e-04 2.483195860406926369e-04 4.707361655971271301e-04 -1.217482056110205467e-04 -3.939884194374319534e-04 -3.574831111940609770e-04 3.849626554454518520e-04 3.399072862471947537e-04 1.722833606234918063e-04 2.255539014846048742e-04
1.667346170154444134e-04 4.908814077960225140e-05 -2.579138207735852959e-04 -1.969282376243556535e-04 -3.287452718704859061e-05 2.783843052132792987e-06 -1.008421122903495120e-04 -7.849778917673686245e-06 -1.573785297800654758e-04 -6.268185903895719894e-04
-1.842321319141130903e-04 1.552895558924365983e-04 5.855242239806047440e-06 -2.447682753678121284e-04 -2.864920431139567549e-05 -9.538225328572198856e-05 2.008819528741368301e-04 3.155066240352959422e-04 -5.205152502668758396e-04 -1.944017563526711926e-04
1.016504136529519431e-04 -2.672046680467385317e-04 3.568912997729671598e-04 -6.361144798006590983e-05 -2.278772769719870396e-04 -7.359142991832617984e-05 -2.495764608284887012e-04 -2.096879055759842225e-04 -1.616168357901446998e-04 -3.155188333800958188e-04
1.738504665651269981e-04 -3.922639948883425618e-04 -2.099987661536994337e-04 -7.221026183243418409e-07 2.228699174259224727e-04 2.539216439380756018e-04 2.217265803935296754e-04 3.746902997643745969e-05 1.657048370538510623e-04 2.017340530667684445e-04
1.664709263358403338e-04 -8.851398044048845097e-05 -2.533387514724850750e-04 7.639159414954287315e-05 4.840010755195067347e-05 -2.417795924937782867e-05 -2.199180218381832164e-04 -1.557134376532667407e-04 -2.110855440623591998e-04 -1.636488819804632886e-04
2.552065357068349668e-04 -2.947259458665074812e-04 -9.482176972142877195e-05 3.764149684207432769e-06 2.060055384119624652e-04 3.059845088449207108e-04 -3.513431077656884631e-04 -4.545188268750405801e-05 1.336613198522946303e-05 1.574238488189661379e-04
7.759681701571705071e-05 2.044099054937777919e-05 -4.585057356599191061e-04 -4.932467737383339288e-05 1.099734862554157532e-05 3.971794756769694932e-04 -1.335223176283192490e-04 3.665226552759475289e-04 2.539086516329477447e-05 7.407242154149119872e-05
-3.856173450966481346e-04 -2.068906055425864712e-04 -4.115251627295511759e-04 -4.940183049002568830e-04 1.134296527647247826e-06 -1.100347611332438041e-04 9.363375449000597018e-05 -2.194812287027464058e-04 1.901707508024969462e-04 -1.676744418283330422e-04
-4.388869004318601353e-04 -3.153298329895387310e-05 7.577877238983095961e-05 -4.543752534265027912e-04 -1.961573037306957041e-04 -1.960147503335982297e-04 3.864293794540569712e-04 -1.166695497245290342e-05 -1.947538419393832123e-04 4.911895597014734847e-05
-4.396029308226825872e-04 -1.648028877928885464e-04 3.651472555255863323e-04 -1.544101075788265780e-04 1.952717889558414207e-04 -4.460840594753267565e-04 -3.506131280767416482e-04 -1.724150768575367281e-04 -8.056426663342230099e-05 -2.850462021507320885e-04
-1.741553343601417352e-04 -3.371379835515762782e-04 2.664922505719067658e-04 -2.621203332160185976e-04 -1.307417368193293733e-04 -1.219644831080969431e-04 3.363789366863464037e-04 -7.212498694940924543e-05 3.928647685823375015e-05 1.815440715598761975e-04
2.327918878583033380e-05 -4.391600215824003803e-04 -9.201004718922982709e-05 -2.233167641684999773e-04 5.543619275399383294e-05 2.664829856444259548e-04 -3.074383180437042671e-04 -9.586604565733928488e-05 2.022333393463269580e-04 -3.866784369953516886e-04
-1.557390793719036766e-05 -2.975668613688652628e-04 1.644044894505501241e-04 -4.279923987294506761e-06 2.306389266198893763e-04 1.427805690274472708e-04 -3.627231896172943763e-04 -5.419668520047738686e-07 -9.506317064426473131e-05 -1.458717522915589356e-04
-2.571161458880491957e-04 2.330329603749421567e-04 3.206758366189263465e-04 2.226554482473697117e-04 3.612495159604012045e-04 -1.364058382610687189e-04 -9.024013284870386991e-05 3.689189349212555736e-04 1.417769901632208008e-06 -4.041624651750345162e-04
4.088539851171865930e-04 3.948924454491654413e-05 -2.681716005032941624e-04 2.539555448604966631e-04 -1.208656854032871342e-04 -3.097035973331950455e-04 -2.269404073306022912e-04 -1.558174847891207013e-04 -2.318017005528658114e-04 3.536058505839125487e-04
1.755199545922057490e-04 -3.563680911613509701e-05 1.616531817181989655e-04 9.171817902304886904e-06 -1.985421111669011620e-04 -1.758011287526752757e-04 -1.682648989893426581e-04 3.829660355324327825e-04 -4.619762607092313942e-04 -1.377496402570121199e-04
