-0.000000000000000000e+00 0.000000000000000000e+00 0.000000000000000000e+00 -0.000000000000000000e+00 0.000000000000000000e+00 -0.000000000000000000e+00 0.000000000000000000e+00 0.000000000000000000e+00 -0.000000000000000000e+00 0.000000000000000000e+00
-0.000000000000000000e+00 0.000000000000000000e+00 0.000000000000000000e+00 -0.000000000000000000e+00 0.000000000000000000e+00 -0.000000000000000000e+00 0.000000000000000000e+00 0.000000000000000000e+00 -0.000000000000000000e+00 0.000000000000000000e+00
0.000000000000000000e+00 0.000000000000000000e+00 0.000000000000000000e+00 -0.000000000000000000e+00 0.000000000000000000e+00 -0.000000000000000000e+00 0.000000000000000000e+00 0.000000000000000000e+00 -0.000000000000000000e+00 0.000000000000000000e+00
-0.000000000000000000e+00 0.000000000000000000e+00 0.000000000000000000e+00 -0.000000000000000000e+00 0.000000000000000000e+00 -0.000000000000000000e+00 0.000000000000000000e+00 0.000000000000000000e+00 -0.000000000000000000e+00 0.000000000000000000e+00
-0.000000000000000000e+00 0.000000000000000000e+00 0.000000000000000000e+00 -0.000000000000000000e+00 0.000000000000000000e+00 -0.000000000000000000e+00 0.000000000000000000e+00 0.000000000000000000e+00 -0.000000000000000000e+00 0.000000000000000000e+00
-0.000000000000000000e+00 0.000000000000000000e+00 0.000000000000000000e+00 -0.000000000000000000e+00 0.000000000000000000e+00 -0.000000000000000000e+00 0.000000000000000000e+00 0.000000000000000000e+00 -0.000000000000000000e+00 0.000000000000000000e+00
0.000000000000000000e+00 0.000000000000000000e+00 0.000000000000000000e+00 -0.000000000000000000e+00 0.000000000000000000e+00 -0.000000000000000000e+00 0.000000000000000000e+00 0.000000000000000000e+00 -0.000000000000000000e+00 0.000000000000000000e+00
-0.000000000000000000e+00 0.000000000000000000e+00 0.000000000000000000e+00 -0.000000000000000000e+00 0.000000000000000000e+00 -0.000000000000000000e+00 0.000000000000000000e+00 0.000000000000000000e+00 -0.000000000000000000e+00 0.000000000000000000e+00
-0.000000000000000000e+00 0.000000000000000000e+00 0.000000000000000000e+00 -0.000000000000000000e+00 0.000000000000000000e+00 -0.000000000000000000e+00 0.000000000000000000e+00 0.000000000000000000e+00 -0.000000000000000000e+00 0.000000000000000000e+00
0.000000000000000000e+00 0.000000000000000000e+00 0.000000000000000000e+00 -0.000000000000000000e+00 0.000000000000000000e+00 -0.000000000000000000e+00 0.000000000000000000e+00 0.000000000000000000e+00 -0.000000000000000000e+00 0.000000000000000000e+00
0.000000000000000000e+00 0.000000000000000000e+00 0.000000000000000000e+00 -0.000000000000000000e+00 0.000000000000000000e+00 -0.000000000000000000e+00 0.000000000000000000e+00 0.000000000000000000e+00 -0.000000000000000000e+00 0.000000000000000000e+00
0.000000000000000000e+00 0.000000000000000000e+00 0.000000000000000000e+00 -0.000000000000000000e+00 -0.000000000000000000e+00 -0.000000000000000000e+00 0.000000000000000000e+00 0.000000000000000000e+00 -0.000000000000000000e+00 0.000000000000000000e+00
-0.000000000000000000e+00 -0.000000000000000000e+00 -0.000000000000000000e+00 0.000000000000000000e+00 0.000000000000000000e+00 0.000000000000000000e+00 -0.000000000000000000e+00 -0.000000000000000000e+00 0.000000000000000000e+00 -0.000000000000000000e+00
0.000000000000000000e+00 0.000000000000000000e+00 0.000000000000000000e+00 -0.000000000000000000e+00 -0.000000000000000000e+00 -0.000000000000000000e+00 0.000000000000000000e+00 0.000000000000000000e+00 -0.000000000000000000e+00 0.000000000000000000e+00
-0.000000000000000000e+00 0.000000000000000000e+00 0.000000000000000000e+00 -0.000000000000000000e+00 0.000000000000000000e+00 -0.000000000000000000e+00 0.000000000000000000e+00 0.000000000000000000e+00 -0.000000000000000000e+00 0.000000000000000000e+00
-0.000000000000000000e+00 0.000000000000000000e+00 0.000000000000000000e+00 -0.000000000000000000e+00 0.000000000000000000e+00 0.000000000000000000e+00 0.000000000000000000e+00 0.000000000000000000e+00 -0.000000000000000000e+00 0.000000000000000000e+00
0.000000000000000000e+00 0.000000000000000000e+00 0.000000000000000000e+00 -0.000000000000000000e+00 -0.000000000000000000e+00 -0.000000000000000000e+00 0.000000000000000000e+00 0.000000000000000000e+00 -0.000000000000000000e+00 0.000000000000000000e+00
0.000000000000000000e+00 0.000000000000000000e+00 0.000000000000000000e+00 -0.000000000000000000e+00 -0.000000000000000000e+00 -0.000000000000000000e+00 0.000000000000000000e+00 0.000000000000000000e+00 -0.000000000000000000e+00 0.000000000000000000e+00
-0.000000000000000000e+00 -0.000000000000000000e+00 0.000000000000000000e+00 0.000000000000000000e+00 0.000000000000000000e+00 0.000000000000000000e+00 -0.000000000000000000e+00 -0.000000000000000000e+00 0.000000000000000000e+00 -0.000000000000000000e+00
0.000000000000000000e+00 0.000000000000000000e+00 0.000000000000000000e+00 -0.000000000000000000e+00 -0.000000000000000000e+00 -0.000000000000000000e+00 0.000000000000000000e+00 0.000000000000000000e+00 -0.000000000000000000e+00 0.000000000000000000e+00
-4.966409778141772036e-07 -4.775364370603337522e-08 -1.679211380746762606e-07 5.195895515273307061e-07 5.398913393848217180e-07 1.770257830280539153e-06 -5.212596478046128361e-07 -1.292343014572455748e-07 9.950843461453637476e-07 -6.608784314030951432e-07
-3.788432367710041256e-07 -2.957129470910205743e-08 -1.336707945048107256e-07 3.580311223976405476e-07 4.251175407769619426e-07 1.377982198768317316e-06 -3.476002209947445014e-07 -1.207994349279039287e-07 7.151029597939784873e-07 -5.155760307840660666e-07
-3.353204499080100568e-07 -6.242391853950005717e-08 -1.435382113577527255e-07 4.327046260330698097e-07 3.636376600499105968e-07 1.293556830309577929e-06 -4.041681512259003667e-07 -1.410910852595241650e-07 7.668667611312685477e-07 -5.109860688323226607e-07
-4.737318830486845378e-07 -7.146015475961875876e-08 -1.774226640070879572e-07 4.978724542189714159e-07 5.408669084006833297e-07 1.734043229217589048e-06 -5.273738143536350990e-07 -1.489690281532180803e-07 9.675437665713476480e-07 -6.366160839169625822e-07
-1.068299328764942248e-08 -2.459815558436177624e-08 2.714629258101064292e-10 1.021587752988475931e-08 -7.117359708199778531e-08 -8.860498183491886622e-09 -6.501172065014992437e-09 -4.662240952714957849e-08 -1.774465888005560328e-08 -1.224806037868690333e-08
-5.594104488574648876e-07 -6.965623857748271283e-08 -1.967960545443669736e-07 5.860316228132807174e-07 6.124337597478111001e-07 2.054428348303479302e-06 -6.055397364780476109e-07 -1.942037765730663521e-07 1.110055843027597164e-06 -7.720763290124455478e-07
5.234596525351312112e-09 -7.409448664227081647e-09 -1.274655504520132132e-08 -1.843266620014488216e-08 -4.036012025410655292e-08 -1.192332320385401885e-08 -2.426956352423632223e-08 -2.974314446893433390e-08 -2.461370705230269348e-08 -2.764182811765279868e-08
-5.211717916011685841e-08 -6.316646613444184457e-08 -2.312818579170850040e-08 1.444011395069091157e-07 4.209735602638149364e-08 3.144097223175206947e-07 -1.242468678751614901e-07 -6.956502502517931092e-08 1.992717307306350685e-07 -1.622972612651461489e-07
-4.103049420384508970e-07 2.096111190686794817e-10 -1.228652834651278436e-07 2.231695769839685582e-07 4.209504778069116474e-07 1.154784734884395400e-06 -3.014630624270725206e-07 -6.423162523550328872e-08 5.311981125549297434e-07 -4.252193114317809549e-07
-2.910191415527492057e-08 4.775900933099383124e-09 -9.121390945477162492e-09 -3.479386368266765943e-08 -5.802295022937277054e-10 -1.448570211481990597e-08 -3.271040481521178504e-09 3.304744758753174959e-09 -3.764936870330127641e-08 -2.069569464218331190e-10
-0.000000000000000000e+00 -0.000000000000000000e+00 -0.000000000000000000e+00 0.000000000000000000e+00 0.000000000000000000e+00 0.000000000000000000e+00 -0.000000000000000000e+00 -0.000000000000000000e+00 0.000000000000000000e+00 -0.000000000000000000e+00
-0.000000000000000000e+00 -0.000000000000000000e+00 -0.000000000000000000e+00 0.000000000000000000e+00 0.000000000000000000e+00 0.000000000000000000e+00 -0.000000000000000000e+00 -0.000000000000000000e+00 0.000000000000000000e+00 -0.000000000000000000e+00
-0.000000000000000000e+00 -0.000000000000000000e+00 -0.000000000000000000e+00 0.000000000000000000e+00 0.000000000000000000e+00 0.000000000000000000e+00 -0.000000000000000000e+00 -0.000000000000000000e+00 0.000000000000000000e+00 -0.000000000000000000e+00
-0.000000000000000000e+00 -0.000000000000000000e+00 0.000000000000000000e+00 0.000000000000000000e+00 0.000000000000000000e+00 0.000000000000000000e+00 -0.000000000000000000e+00 -0.000000000000000000e+00 0.000000000000000000e+00 -0.000000000000000000e+00
-0.000000000000000000e+00 -0.000000000000000000e+00 0.000000000000000000e+00 0.000000000000000000e+00 0.000000000000000000e+00 0.000000000000000000e+00 -0.000000000000000000e+00 -0.000000000000000000e+00 0.000000000000000000e+00 -0.000000000000000000e+00
-0.000000000000000000e+00 -0.000000000000000000e+00 0.000000000000000000e+00 0.000000000000000000e+00 0.000000000000000000e+00 0.000000000000000000e+00 -0.000000000000000000e+00 -0.000000000000000000e+00 0.000000000000000000e+00 -0.000000000000000000e+00
0.000000000000000000e+00 0.000000000000000000e+00 0.000000000000000000e+00 -0.000000000000000000e+00 0.000000000000000000e+00 -0.000000000000000000e+00 0.000000000000000000e+00 0.000000000000000000e+00 -0.000000000000000000e+00 0.000000000000000000e+00
-0.000000000000000000e+00 -0.000000000000000000e+00 0.000000000000000000e+00 0.000000000000000000e+00 0.000000000000000000e+00 0.000000000000000000e+00 -0.000000000000000000e+00 -0.000000000000000000e+00 0.000000000000000000e+00 -0.000000000000000000e+00
-0.000000000000000000e+00 -0.000000000000000000e+00 -0.000000000000000000e+00 0.000000000000000000e+00 0.000000000000000000e+00 0.000000000000000000e+00 -0.000000000000000000e+00 -0.000000000000000000e+00 0.000000000000000000e+00 -0.000000000000000000e+00
-0.000000000000000000e+00 -0.000000000000000000e+00 0.000000000000000000e+00 0.000000000000000000e+00 0.000000000000000000e+00 0.000000000000000000e+00 -0.000000000000000000e+00 -0.000000000000000000e+00 0.000000000000000000e+00 -0.000000000000000000e+00
-0.000000000000000000e+00 -0.000000000000000000e+00 -0.000000000000000000e+00 0.000000000000000000e+00 0.000000000000000000e+00 0.000000000000000000e+00 -0.000000000000000000e+00 -0.000000000000000000e+00 0.000000000000000000e+00 -0.000000000000000000e+00
-0.000000000000000000e+00 -0.000000000000000000e+00 -0.000000000000000000e+00 0.000000000000000000e+00 0.000000000000000000e+00 0.000000000000000000e+00 -0.000000000000000000e+00 -0.000000000000000000e+00 0.000000000000000000e+00 -0.000000000000000000e+00
-0.000000000000000000e+00 -0.000000000000000000e+00 -0.000000000000000000e+00 0.000000000000000000e+00 0.000000000000000000e+00 0.000000000000000000e+00 -0.000000000000000000e+00 -0.000000000000000000e+00 0.000000000000000000e+00 -0.000000000000000000e+00
-0.000000000000000000e+00 -0.000000000000000000e+00 -0.000000000000000000e+00 0.000000000000000000e+00 0.000000000000000000e+00 0.000000000000000000e+00 -0.000000000000000000e+00 -0.000000000000000000e+00 0.000000000000000000e+00 -0.000000000000000000e+00
-0.000000000000000000e+00 -0.000000000000000000e+00 -0.000000000000000000e+00 0.000000000000000000e+00 0.000000000000000000e+00 0.000000000000000000e+00 -0.000000000000000000e+00 -0.000000000000000000e+00 0.000000000000000000e+00 -0.000000000000000000e+00
-0.000000000000000000e+00 -0.000000000000000000e+00 -0.000000000000000000e+00 0.000000000000000000e+00 0.000000000000000000e+00 0.000000000000000000e+00 -0.000000000000000000e+00 -0.000000000000000000e+00 0.000000000000000000e+00 -0.000000000000000000e+00
-0.000000000000000000e+00 -0.000000000000000000e+00 -0.000000000000000000e+00 0.000000000000000000e+00 0.000000000000000000e+00 0.000000000000000000e+00 -0.000000000000000000e+00 -0.000000000000000000e+00 0.000000000000000000e+00 -0.000000000000000000e+00
-0.000000000000000000e+00 -0.000000000000000000e+00 -0.000000000000000000e+00 0.000000000000000000e+00 0.000000000000000000e+00 0.000000000000000000e+00 -0.000000000000000000e+00 -0.000000000000000000e+00 0.000000000000000000e+00 -0.000000000000000000e+00
-0.000000000000000000e+00 -0.000000000000000000e+00 -0.000000000000000000e+00 0.000000000000000000e+00 0.000000000000000000e+00 0.000000000000000000e+00 -0.000000000000000000e+00 -0.000000000000000000e+00 0.000000000000000000e+00 -0.000000000000000000e+00
-0.000000000000000000e+00 -0.000000000000000000e+00 -0.000000000000000000e+00 0.000000000000000000e+00 0.000000000000000000e+00 0.000000000000000000e+00 -0.000000000000000000e+00 -0.000000000000000000e+00 0.000000000000000000e+00 -0.000000000000000000e+00
-0.000000000000000000e+00 -0.000000000000000000e+00 0.000000000000000000e+00 0.000000000000000000e+00 0.000000000000000000e+00 0.000000000000000000e+00 -0.000000000000000000e+00 -0.000000000000000000e+00 0.000000000000000000e+00 -0.000000000000000000e+00
-0.000000000000000000e+00 -0.000000000000000000e+00 0.000000000000000000e+00 0.000000000000000000e+00 0.000000000000000000e+00 0.000000000000000000e+00 -0.000000000000000000e+00 -0.000000000000000000e+00 0.000000000000000000e+00 -0.000000000000000000e+00
-0.000000000000000000e+00 -0.000000000000000000e+00 -0.000000000000000000e+00 0.000000000000000000e+00 0.000000000000000000e+00 0.000000000000000000e+00 -0.000000000000000000e+00 -0.000000000000000000e+00 0.000000000000000000e+00 -0.000000000000000000e+00
-0.000000000000000000e+00 -0.000000000000000000e+00 0.000000000000000000e+00 0.000000000000000000e+00 0.000000000000000000e+00 0.000000000000000000e+00 -0.000000000000000000e+00 -0.000000000000000000e+00 0.000000000000000000e+00 -0.000000000000000000e+00
-0.000000000000000000e+00 -0.000000000000000000e+00 -0.000000000000000000e+00 0.000000000000000000e+00 0.000000000000000000e+00 0.000000000000000000e+00 -0.000000000000000000e+00 -0.000000000000000000e+00 0.000000000000000000e+00 -0.000000000000000000e+00
-0.000000000000000000e+00 -0.000000000000000000e+00 -0.000000000000000000e+00 0.000000000000000000e+00 0.000000000000000000e+00 0.000000000000000000e+00 -0.000000000000000000e+00 -0.000000000000000000e+00 0.000000000000000000e+00 -0.000000000000000000e+00
-0.000000000000000000e+00 -0.000000000000000000e+00 -0.000000000000000000e+00 0.000000000000000000e+00 0.000000000000000000e+00 0.000000000000000000e+00 -0.000000000000000000e+00 -0.000000000000000000e+00 0.000000000000000000e+00 -0.000000000000000000e+00
-0.000000000000000000e+00 -0.000000000000000000e+00 -0.000000000000000000e+00 0.000000000000000000e+00 0.000000000000000000e+00 0.000000000000000000e+00 -0.000000000000000000e+00 -0.000000000000000000e+00 0.000000000000000000e+00 -0.000000000000000000e+00
-0.000000000000000000e+00 -0.000000000000000000e+00 -0.000000000000000000e+00 0.000000000000000000e+00 0.000000000000000000e+00 0.000000000000000000e+00 -0.000000000000000000e+00 -0.000000000000000000e+00 0.000000000000000000e+00 -0.000000000000000000e+00
-0.000000000000000000e+00 -0.000000000000000000e+00 -0.000000000000000000e+00 0.000000000000000000e+00 0.000000000000000000e+00 0.000000000000000000e+00 -0.000000000000000000e+00 -0.000000000000000000e+00 0.000000000000000000e+00 -0.000000000000000000e+00
-0.000000000000000000e+00 -0.000000000000000000e+00 -0.000000000000000000e+00 0.000000000000000000e+00 0.000000000000000000e+00 0.000000000000000000e+00 -0.000000000000000000e+00 -0.000000000000000000e+00 0.000000000000000000e+00 -0.000000000000000000e+00
-0.000000000000000000e+00 -0.000000000000000000e+00 -0.000000000000000000e+00 0.000000000000000000e+00 0.000000000000000000e+00 0.000000000000000000e+00 -0.000000000000000000e+00 -0.000000000000000000e+00 0.000000000000000000e+00 -0.000000000000000000e+00
-0.000000000000000000e+00 -0.000000000000000000e+00 -0.000000000000000000e+00 0.000000000000000000e+00 0.000000000000000000e+00 0.000000000000000000e+00 -0.000000000000000000e+00 -0.000000000000000000e+00 0.000000000000000000e+00 -0.000000000000000000e+00
-0.000000000000000000e+00 -0.000000000000000000e+00 -0.000000000000000000e+00 0.000000000000000000e+00 0.000000000000000000e+00 0.000000000000000000e+00 -0.000000000000000000e+00 -0.000000000000000000e+00 0.000000000000000000e+00 -0.000000000000000000e+00
-0.000000000000000000e+00 -0.000000000000000000e+00 -0.000000000000000000e+00 0.000000000000000000e+00 0.000000000000000000e+00 0.000000000000000000e+00 -0.000000000000000000e+00 -0.000000000000000000e+00 0.000000000000000000e+00 -0.000000000000000000e+00
-0.000000000000000000e+00 -0.000000000000000000e+00 -0.000000000000000000e+00 0.000000000000000000e+00 0.000000000000000000e+00 0.000000000000000000e+00 -0.000000000000000000e+00 -0.000000000000000000e+00 0.000000000000000000e+00 -0.000000000000000000e+00
-0.000000000000000000e+00 -0.000000000000000000e+00 -0.000000000000000000e+00 0.000000000000000000e+00 0.000000000000000000e+00 0.000000000000000000e+00 -0.000000000000000000e+00 -0.000000000000000000e+00 0.000000000000000000e+00 -0.000000000000000000e+00
-0.000000000000000000e+00 -0.000000000000000000e+00 -0.000000000000000000e+00 0.000000000000000000e+00 0.000000000000000000e+00 0.000000000000000000e+00 -0.000000000000000000e+00 -0.000000000000000000e+00 0.000000000000000000e+00 -0.000000000000000000e+00
-0.000000000000000000e+00 -0.000000000000000000e+00 -0.000000000000000000e+00 0.000000000000000000e+00 0.000000000000000000e+00 0.000000000000000000e+00 -0.000000000000000000e+00 -0.000000000000000000e+00 0.000000000000000000e+00 -0.000000000000000000e+00
-0.000000000000000000e+00 -0.000000000000000000e+00 -0.000000000000000000e+00 0.000000000000000000e+00 0.000000000000000000e+00 0.000000000000000000e+00 -0.000000000000000000e+00 -0.000000000000000000e+00 0.000000000000000000e+00 -0.000000000000000000e+00
-0.000000000000000000e+00 -0.000000000000000000e+00 -0.000000000000000000e+00 0.000000000000000000e+00 0.000000000000000000e+00 0.000000000000000000e+00 -0.000000000000000000e+00 -0.000000000000000000e+00 0.000000000000000000e+00 -0.000000000000000000e+00
-0.000000000000000000e+00 -0.000000000000000000e+00 -0.000000000000000000e+00 0.000000000000000000e+00 0.000000000000000000e+00 0.000000000000000000e+00 -0.000000000000000000e+00 -0.000000000000000000e+00 0.000000000000000000e+00 -0.000000000000000000e+00
-0.000000000000000000e+00 -0.000000000000000000e+00 -0.000000000000000000e+00 0.000000000000000000e+00 0.000000000000000000e+00 0.000000000000000000e+00 -0.000000000000000000e+00 -0.000000000000000000e+00 0.000000000000000000e+00 -0.000000000000000000e+00
-0.000000000000000000e+00 -0.000000000000000000e+00 -0.000000000000000000e+00 0.000000000000000000e+00 0.000000000000000000e+00 0.000000000000000000e+00 -0.000000000000000000e+00 -0.000000000000000000e+00 0.000000000000000000e+00 -0.000000000000000000e+00
-0.000000000000000000e+00 -0.000000000000000000e+00 -0.000000000000000000e+00 0.000000000000000000e+00 0.000000000000000000e+00 0.000000000000000000e+00 -0.000000000000000000e+00 -0.000000000000000000e+00 0.000000000000000000e+00 -0.000000000000000000e+00
-0.000000000000000000e+00 -0.000000000000000000e+00 -0.000000000000000000e+00 0.000000000000000000e+00 0.000000000000000000e+00 0.000000000000000000e+00 -0.000000000000000000e+00 -0.000000000000000000e+00 0.000000000000000000e+00 -0.000000000000000000e+00
-0.000000000000000000e+00 -0.000000000000000000e+00 -0.000000000000000000e+00 0.000000000000000000e+00 0.000000000000000000e+00 0.000000000000000000e+00 -0.000000000000000000e+00 -0.000000000000000000e+00 0.000000000000000000e+00 -0.000000000000000000e+00
-0.000000000000000000e+00 -0.000000000000000000e+00 -0.000000000000000000e+00 0.000000000000000000e+00 0.000000000000000000e+00 0.000000000000000000e+00 -0.000000000000000000e+00 -0.000000000000000000e+00 0.000000000000000000e+00 -0.000000000000000000e+00
-0.000000000000000000e+00 -0.000000000000000000e+00 -0.000000000000000000e+00 0.000000000000000000e+00 0.000000000000000000e+00 0.000000000000000000e+00 -0.000000000000000000e+00 -0.000000000000000000e+00 0.000000000000000000e+00 -0.000000000000000000e+00
-0.000000000000000000e+00 -0.000000000000000000e+00 -0.000000000000000000e+00 0.000000000000000000e+00 0.000000000000000000e+00 0.000000000000000000e+00 -0.000000000000000000e+00 -0.000000000000000000e+00 0.000000000000000000e+00 -0.000000000000000000e+00
3.531179918307230668e-06 3.021922658468269093e-06 9.306195337005849892e-06 1.829306527521823609e-06 1.221860295522516383e-06 2.603503474772149982e-06 9.536145739684206174e-06 3.927287999710690982e-06 -1.396877402157689263e-06 7.691425768499009178e-06
4.181709424370627323e-06 4.666446811606780091e-06 1.158267538758807025e-05 1.370183857707137217e-06 1.101623844497236989e-06 2.866364182190489744e-06 1.264764445819750686e-05 4.271887270958958513e-06 -1.618529189918849639e-06 9.504504743145772002e-06
4.875996652501613459e-06 5.018995938515727887e-06 1.241780946584330077e-05 2.104727156659355626e-06 1.725385604513293186e-06 2.775689390508879401e-06 1.310960146191902982e-05 4.664958169336033640e-06 -1.324619233307420850e-06 9.728739664430039065e-06
3.264601252717427522e-06 3.098629387252715509e-06 7.505884670867497344e-06 1.556837603064995588e-06 1.045713052490885787e-06 2.394403953453265270e-06 8.048842924773619100e-06 3.203890290148594220e-06 -4.784217753277282161e-07 6.456984430850036343e-06
4.241265172187190711e-06 3.644623812116072517e-06 8.487610237840824651e-06 1.539603192939856304e-06 1.596771515065005981e-06 2.371398900750487814e-06 8.896472872472550500e-06 3.837098541894213287e-06 -6.843627028694394860e-07 7.130681224543315570e-06
4.258132662758257166e-06 4.629005613087495954e-06 1.118714463827325149e-05 2.061651519490369495e-06 1.776990508142126592e-06 2.902705470480898200e-06 1.155301479026900310e-05 4.250361678049056022e-06 -9.593221935833958526e-07 8.776025823938206401e-06
4.384539045799725504e-06 4.072623646145884689e-06 1.146063654043717488e-05 1.885067884920887158e-06 1.146789002235548951e-06 2.540530522783519492e-06 1.189258905595640615e-05 4.615863062795114253e-06 -1.687594168379570251e-06 9.471923083981783061e-06
3.976433799142307520e-06 4.418066293698695999e-06 1.097484589763756031e-05 1.449677479444120135e-06 1.607391418123717478e-06 2.974198387023023218e-06 1.182091487451561282e-05 3.909916990179385955e-06 -1.438937444648466599e-06 9.091379640123164251e-06
4.496884453263792659e-06 4.327068488597944779e-06 9.923372772553093512e-06 1.495111107635144100e-06 1.914976261927681550e-06 3.169965240510401137e-06 1.037008040540507233e-05 3.798088694590608935e-06 -1.592613108062275890e-06 8.221032115768260861e-06
3.961426417260113968e-06 3.346490448493276977e-06 9.275330833264637959e-06 1.473975583178877515e-06 1.801492532386526167e-06 3.076080785370970509e-06 1.012417456197966468e-05 3.628522377571079178e-06 -1.251795629889332872e-06 8.322652037529185032e-06
7.210227322970105800e-06 -9.226414660457755775e-06 2.402646908928705550e-06 -2.234039823969560091e-05 -2.285975887408222548e-05 -5.176568397821587213e-05 1.749856184027835971e-05 4.394029977775286281e-06 -3.077638488623292244e-05 2.138231220949579799e-05
5.515476642022320735e-06 -4.830769980323750529e-07 4.564468998881789747e-06 -1.534200441647621776e-05 -9.551702812439355139e-06 -4.341232626786265214e-05 7.035522687350643314e-06 5.849136179877142097e-06 -2.174611030841525595e-05 9.559804153398016193e-06
5.911740911576916197e-06 -6.784522397028269559e-06 8.517091609754995726e-06 -8.494675897646088232e-06 -2.103292005007055819e-05 -2.920148677703906395e-05 9.302903655545379666e-06 -2.523123444654393571e-07 -1.352657210281792300e-05 1.341227439380844728e-05
1.508200115707857209e-05 2.652586434703273185e-06 -6.060441425069288200e-07 -1.041838677612468024e-05 -1.239673350502893224e-05 -3.434595134375092573e-05 4.248892921799342596e-06 8.126237239744220402e-06 -2.307060289833753072e-05 1.499394088031766931e-05
1.406832829891424628e-05 6.120705147305783809e-06 4.515250089812748754e-06 -8.492883484105275446e-06 -1.823963895078491989e-05 -4.780987550611565996e-05 9.881957809333100101e-06 1.866580663056659409e-06 -2.163730803160963538e-05 6.845381519654782000e-06
1.687627596735448695e-05 -1.397668563975737879e-06 1.233199269856255548e-05 -1.393852881869794220e-05 -1.718759612426129220e-05 -3.901737724206237254e-05 9.844368135979844600e-06 7.128382473665092454e-06 -2.198649074631175090e-05 1.818875895087877274e-05
1.423840414822704901e-05 -2.239440776645260173e-06 1.147853449567825630e-05 -1.113111835391495314e-05 -9.967240913986098516e-06 -3.539716306371496276e-05 7.860095162968130236e-06 -3.809820210987827795e-06 -2.395693675642159037e-05 1.871769964206761581e-05
1.633320436880308753e-05 -5.767939452465402930e-06 3.377970756104404330e-06 -3.629739966074336543e-06 -1.559577869731417209e-05 -3.445846247025480117e-05 1.199354360405132153e-05 5.627636693111609436e-06 -2.540368166297669945e-05 1.468784410200605576e-05
3.429738276431754185e-06 -1.974837629334173711e-06 4.857297520052342786e-06 -1.117488851042183975e-05 -1.628550961842140411e-05 -4.262243899909640599e-05 2.077030643646864729e-05 2.533727698748069726e-06 -2.017173652885167540e-05 7.661187165578061387e-06
1.212866946267127953e-05 6.019783504028169597e-06 5.462469291943163026e-06 -1.874685810937031053e-05 -1.414684974775539579e-05 -3.970333578795009414e-05 7.832440603715541008e-06 5.710932493344046840e-07 -2.297570645487393218e-05 6.081112015859660686e-06
2.375140727151948440e-05 -1.060025339726916780e-05 -5.585733993553024114e-06 2.071269497830045117e-05 -1.009255469042842197e-05 -9.340249439469957846e-06 -1.258583362354455192e-05 -6.125258746983961430e-06 2.649798301205030362e-05 -2.449349355415666161e-06
2.849320969394557052e-05 -1.671802629759017514e-05 -7.177686077630961734e-06 2.251986839872115631e-05 -1.838656719329473884e-05 -1.586219938927668389e-05 -1.481592321976418163e-05 -1.035567936860218825e-05 2.842562659966882890e-05 -3.119438093731118345e-06
1.632648564873215909e-05 -8.372972500608473432e-07 -3.331263860887760368e-06 1.342873251720873599e-05 1.402475527392572847e-06 -2.219717576586793425e-06 -7.860589290124207719e-06 6.560469960113961502e-07 1.868639949872437497e-05 -5.576368539548420586e-07
1.796694507445307338e-05 -5.913556026381207977e-06 -5.291072848669808050e-06 1.856250766738207678e-05 -2.394897991324667890e-06 -1.070446166878892102e-06 -1.115019134967736997e-05 -2.097681186782924823e-06 2.374347910840775890e-05 -5.593555930673023284e-07
2.093138490753941475e-05 -7.827323314090155730e-06 -5.355910500184609363e-06 1.702465844156947141e-05 -7.427365911723378775e-06 -8.933647027397159266e-06 -1.177447139410940858e-05 -5.130697756520301605e-06 2.114903765345129024e-05 -5.861539865658895279e-07
1.168573868565120679e-05 -1.865494730092060322e-06 -4.731130204358823683e-06 1.456251042050381013e-05 3.460361672550317545e-06 3.331851701101328272e-06 -7.124295609167522128e-06 -3.109797772161668763e-06 1.761685807210542701e-05 6.573336507307376820e-07
2.091693409676625948e-05 -6.978895346474925506e-06 -5.147513985561189467e-06 1.538882704452298038e-05 -7.093432214254327461e-06 -1.164733162938936720e-05 -1.008117321850574577e-05 -4.438027206862657654e-06 1.823996295882468181e-05 1.107559621221436172e-06
2.805620098089861783e-05 -2.076103167556451841e-05 -7.292664987671379292e-06 2.875003188646978720e-05 -1.839204807828731227e-05 -3.128581738336992090e-06 -2.147285898736174686e-05 -1.371676830197580885e-05 3.874332558754395046e-05 -9.794590071545370083e-06
1.576684318264375998e-05 -1.378823416314224724e-06 -5.009734222945757519e-06 1.441234467480352353e-05 6.013219617968473109e-07 -3.496867336191600146e-06 -8.499556332678685465e-06 -6.079031332372054029e-07 2.036193068158466580e-05 2.767600133949113691e-07
1.957322354359275241e-05 -8.108844906545371723e-06 -6.192960731264713678e-06 2.242275577987835756e-05 -3.971342780841242799e-06 1.148299199214769689e-06 -1.474312808439813698e-05 -4.763595071986230133e-06 2.877494257782524912e-05 -5.108522794460255447e-06
-2.553632870780154541e-05 1.484801794383332832e-05 7.488559216839740038e-06 -3.596638796725149949e-05 5.557446578235396933e-06 -1.519612622694446813e-05 2.669305319364355806e-05 8.184148435621885410e-06 -5.099587641004109942e-05 1.520356159575239494e-05
-2.791127841131849926e-05 1.853384021397495396e-05 8.619675905570043834e-06 -3.436484833733423702e-05 1.012093446536031588e-05 -1.169453703905429630e-05 2.418310602888787435e-05 1.069713052579326596e-05 -5.202329530494123947e-05 1.420758870239050763e-05
-2.332476168187194851e-05 1.382533277694193695e-05 8.739534890953283984e-06 -3.466597153338516174e-05 2.389662577480702900e-06 -2.013885093755411266e-05 2.523924501698319723e-05 6.675101101226955193e-06 -5.217051635321600018e-05 1.321552422446350715e-05
-2.493959366411076643e-05 1.710824267479427757e-05 1.029101545500460963e-05 -3.581326572846292637e-05 4.455840576628275241e-06 -1.983905112366406639e-05 2.786631258376648512e-05 1.116689060666661894e-05 -5.297287386874793971e-05 1.599889935315934630e-05
-2.634016454917363908e-05 1.925746315659719680e-05 9.693370791681928274e-06 -3.868318138996954122e-05 7.661355969859441004e-06 -1.915592811744528615e-05 2.808834700525687144e-05 1.206557492047324728e-05 -5.786555153933295854e-05 1.639006575359338360e-05
-2.491051314989810303e-05 1.790950697960822156e-05 1.004791462764580395e-05 -3.891380910681588057e-05 5.334338984781747744e-06 -2.380457006660524692e-05 2.939214726562027377e-05 1.168242127210199148e-05 -5.878879363779152602e-05 1.754045103070797857e-05
-2.611575569877210687e-05 1.885583356091567368e-05 9.815684786144628727e-06 -3.792618017757982870e-05 8.018348456537999298e-06 -1.797981570481103108e-05 2.912371309814424994e-05 1.231023385137288971e-05 -5.675312154847810041e-05 1.590870704651220694e-05
-2.737070228016283971e-05 1.932992973709548261e-05 1.084949019089482534e-05 -3.800911842193953978e-05 8.760772442327245066e-06 -1.554213996976670824e-05 2.713741820370863672e-05 1.198910557039577678e-05 -5.671415564843024692e-05 1.686988035843829651e-05
-2.692594565661365463e-05 1.637692957520997278e-05 8.790034563080957535e-06 -3.723382559595312107e-05 7.323247457295669688e-06 -1.590655548030503664e-05 2.432116579921209058e-05 1.141394900069329475e-05 -5.228626163827270677e-05 1.422400669045154905e-05
-2.881931523061596990e-05 2.280286608678230506e-05 1.061574483419333322e-05 -4.293568580800392068e-05 1.022694773484004917e-05 -2.340647748502854567e-05 3.347104250613303165e-05 1.568789787998125951e-05 -6.453733511252950474e-05 2.111744237631677933e-05
-0.000000000000000000e+00 0.000000000000000000e+00 0.000000000000000000e+00 -0.000000000000000000e+00 0.000000000000000000e+00 -0.000000000000000000e+00 0.000000000000000000e+00 0.000000000000000000e+00 -0.000000000000000000e+00 0.000000000000000000e+00
-0.000000000000000000e+00 0.000000000000000000e+00 0.000000000000000000e+00 -0.000000000000000000e+00 0.000000000000000000e+00 -0.000000000000000000e+00 0.000000000000000000e+00 0.000000000000000000e+00 -0.000000000000000000e+00 0.000000000000000000e+00
-0.000000000000000000e+00 0.000000000000000000e+00 0.000000000000000000e+00 -0.000000000000000000e+00 0.000000000000000000e+00 -0.000000000000000000e+00 0.000000000000000000e+00 0.000000000000000000e+00 -0.000000000000000000e+00 0.000000000000000000e+00
-0.000000000000000000e+00 0.000000000000000000e+00 0.000000000000000000e+00 -0.000000000000000000e+00 0.000000000000000000e+00 -0.000000000000000000e+00 0.000000000000000000e+00 0.000000000000000000e+00 -0.000000000000000000e+00 0.000000000000000000e+00
-0.000000000000000000e+00 0.000000000000000000e+00 0.000000000000000000e+00 -0.000000000000000000e+00 0.000000000000000000e+00 -0.000000000000000000e+00 0.000000000000000000e+00 0.000000000000000000e+00 -0.000000000000000000e+00 0.000000000000000000e+00
-0.000000000000000000e+00 0.000000000000000000e+00 0.000000000000000000e+00 -0.000000000000000000e+00 0.000000000000000000e+00 -0.000000000000000000e+00 0.000000000000000000e+00 0.000000000000000000e+00 -0.000000000000000000e+00 0.000000000000000000e+00
-0.000000000000000000e+00 0.000000000000000000e+00 0.000000000000000000e+00 -0.000000000000000000e+00 0.000000000000000000e+00 -0.000000000000000000e+00 0.000000000000000000e+00 0.000000000000000000e+00 -0.000000000000000000e+00 0.000000000000000000e+00
-0.000000000000000000e+00 0.000000000000000000e+00 0.000000000000000000e+00 -0.000000000000000000e+00 0.000000000000000000e+00 -0.000000000000000000e+00 0.000000000000000000e+00 0.000000000000000000e+00 -0.000000000000000000e+00 0.000000000000000000e+00
-0.000000000000000000e+00 0.000000000000000000e+00 0.000000000000000000e+00 -0.000000000000000000e+00 0.000000000000000000e+00 -0.000000000000000000e+00 0.000000000000000000e+00 0.000000000000000000e+00 -0.000000000000000000e+00 0.000000000000000000e+00
-0.000000000000000000e+00 0.000000000000000000e+00 0.000000000000000000e+00 -0.000000000000000000e+00 0.000000000000000000e+00 -0.000000000000000000e+00 0.000000000000000000e+00 0.000000000000000000e+00 -0.000000000000000000e+00 0.000000000000000000e+00
-0.000000000000000000e+00 0.000000000000000000e+00 0.000000000000000000e+00 -0.000000000000000000e+00 0.000000000000000000e+00 0.000000000000000000e+00 0.000000000000000000e+00 0.000000000000000000e+00 -0.000000000000000000e+00 0.000000000000000000e+00
-0.000000000000000000e+00 0.000000000000000000e+00 0.000000000000000000e+00 -0.000000000000000000e+00 0.000000000000000000e+00 0.000000000000000000e+00 0.000000000000000000e+00 0.000000000000000000e+00 -0.000000000000000000e+00 0.000000000000000000e+00
0.000000000000000000e+00 -0.000000000000000000e+00 0.000000000000000000e+00 0.000000000000000000e+00 -0.000000000000000000e+00 -0.000000000000000000e+00 -0.000000000000000000e+00 -0.000000000000000000e+00 0.000000000000000000e+00 0.000000000000000000e+00
-0.000000000000000000e+00 0.000000000000000000e+00 0.000000000000000000e+00 -0.000000000000000000e+00 0.000000000000000000e+00 0.000000000000000000e+00 0.000000000000000000e+00 0.000000000000000000e+00 -0.000000000000000000e+00 0.000000000000000000e+00
-0.000000000000000000e+00 0.000000000000000000e+00 0.000000000000000000e+00 -0.000000000000000000e+00 0.000000000000000000e+00 -0.000000000000000000e+00 0.000000000000000000e+00 0.000000000000000000e+00 -0.000000000000000000e+00 0.000000000000000000e+00
0.000000000000000000e+00 -0.000000000000000000e+00 0.000000000000000000e+00 0.000000000000000000e+00 -0.000000000000000000e+00 -0.000000000000000000e+00 0.000000000000000000e+00 -0.000000000000000000e+00 -0.000000000000000000e+00 0.000000000000000000e+00
0.000000000000000000e+00 -0.000000000000000000e+00 0.000000000000000000e+00 0.000000000000000000e+00 -0.000000000000000000e+00 -0.000000000000000000e+00 -0.000000000000000000e+00 -0.000000000000000000e+00 0.000000000000000000e+00 -0.000000000000000000e+00
-0.000000000000000000e+00 0.000000000000000000e+00 0.000000000000000000e+00 -0.000000000000000000e+00 0.000000000000000000e+00 -0.000000000000000000e+00 0.000000000000000000e+00 0.000000000000000000e+00 -0.000000000000000000e+00 0.000000000000000000e+00
0.000000000000000000e+00 -0.000000000000000000e+00 -0.000000000000000000e+00 0.000000000000000000e+00 -0.000000000000000000e+00 -0.000000000000000000e+00 -0.000000000000000000e+00 -0.000000000000000000e+00 0.000000000000000000e+00 -0.000000000000000000e+00
0.000000000000000000e+00 -0.000000000000000000e+00 -0.000000000000000000e+00 0.000000000000000000e+00 -0.000000000000000000e+00 -0.000000000000000000e+00 -0.000000000000000000e+00 -0.000000000000000000e+00 0.000000000000000000e+00 -0.000000000000000000e+00
0.000000000000000000e+00 0.000000000000000000e+00 -0.000000000000000000e+00 -0.000000000000000000e+00 0.000000000000000000e+00 -0.000000000000000000e+00 0.000000000000000000e+00 0.000000000000000000e+00 -0.000000000000000000e+00 0.000000000000000000e+00
0.000000000000000000e+00 -0.000000000000000000e+00 -0.000000000000000000e+00 0.000000000000000000e+00 -0.000000000000000000e+00 -0.000000000000000000e+00 -0.000000000000000000e+00 -0.000000000000000000e+00 -0.000000000000000000e+00 0.000000000000000000e+00
0.000000000000000000e+00 0.000000000000000000e+00 -0.000000000000000000e+00 -0.000000000000000000e+00 -0.000000000000000000e+00 -0.000000000000000000e+00 0.000000000000000000e+00 -0.000000000000000000e+00 -0.000000000000000000e+00 0.000000000000000000e+00
-0.000000000000000000e+00 0.000000000000000000e+00 -0.000000000000000000e+00 -0.000000000000000000e+00 0.000000000000000000e+00 -0.000000000000000000e+00 0.000000000000000000e+00 0.000000000000000000e+00 -0.000000000000000000e+00 0.000000000000000000e+00
0.000000000000000000e+00 -0.000000000000000000e+00 0.000000000000000000e+00 -0.000000000000000000e+00 -0.000000000000000000e+00 -0.000000000000000000e+00 0.000000000000000000e+00 -0.000000000000000000e+00 -0.000000000000000000e+00 0.000000000000000000e+00
0.000000000000000000e+00 0.000000000000000000e+00 -0.000000000000000000e+00 -0.000000000000000000e+00 0.000000000000000000e+00 -0.000000000000000000e+00 0.000000000000000000e+00 0.000000000000000000e+00 -0.000000000000000000e+00 0.000000000000000000e+00
0.000000000000000000e+00 -0.000000000000000000e+00 -0.000000000000000000e+00 0.000000000000000000e+00 -0.000000000000000000e+00 -0.000000000000000000e+00 -0.000000000000000000e+00 -0.000000000000000000e+00 -0.000000000000000000e+00 0.000000000000000000e+00
0.000000000000000000e+00 -0.000000000000000000e+00 0.000000000000000000e+00 0.000000000000000000e+00 -0.000000000000000000e+00 -0.000000000000000000e+00 -0.000000000000000000e+00 -0.000000000000000000e+00 -0.000000000000000000e+00 0.000000000000000000e+00
0.000000000000000000e+00 -0.000000000000000000e+00 0.000000000000000000e+00 0.000000000000000000e+00 -0.000000000000000000e+00 -0.000000000000000000e+00 0.000000000000000000e+00 -0.000000000000000000e+00 -0.000000000000000000e+00 0.000000000000000000e+00
0.000000000000000000e+00 -0.000000000000000000e+00 0.000000000000000000e+00 -0.000000000000000000e+00 -0.000000000000000000e+00 -0.000000000000000000e+00 0.000000000000000000e+00 -0.000000000000000000e+00 -0.000000000000000000e+00 0.000000000000000000e+00
-0.000000000000000000e+00 0.000000000000000000e+00 -0.000000000000000000e+00 -0.000000000000000000e+00 0.000000000000000000e+00 -0.000000000000000000e+00 0.000000000000000000e+00 0.000000000000000000e+00 -0.000000000000000000e+00 0.000000000000000000e+00
-0.000000000000000000e+00 0.000000000000000000e+00 0.000000000000000000e+00 -0.000000000000000000e+00 0.000000000000000000e+00 -0.000000000000000000e+00 0.000000000000000000e+00 0.000000000000000000e+00 -0.000000000000000000e+00 0.000000000000000000e+00
-0.000000000000000000e+00 0.000000000000000000e+00 -0.000000000000000000e+00 -0.000000000000000000e+00 0.000000000000000000e+00 -0.000000000000000000e+00 0.000000000000000000e+00 0.000000000000000000e+00 -0.000000000000000000e+00 0.000000000000000000e+00
-0.000000000000000000e+00 0.000000000000000000e+00 -0.000000000000000000e+00 -0.000000000000000000e+00 0.000000000000000000e+00 -0.000000000000000000e+00 0.000000000000000000e+00 0.000000000000000000e+00 -0.000000000000000000e+00 0.000000000000000000e+00
-0.000000000000000000e+00 0.000000000000000000e+00 -0.000000000000000000e+00 -0.000000000000000000e+00 0.000000000000000000e+00 0.000000000000000000e+00 0.000000000000000000e+00 0.000000000000000000e+00 0.000000000000000000e+00 -0.000000000000000000e+00
0.000000000000000000e+00 -0.000000000000000000e+00 0.000000000000000000e+00 0.000000000000000000e+00 -0.000000000000000000e+00 0.000000000000000000e+00 -0.000000000000000000e+00 -0.000000000000000000e+00 0.000000000000000000e+00 -0.000000000000000000e+00
0.000000000000000000e+00 -0.000000000000000000e+00 -0.000000000000000000e+00 0.000000000000000000e+00 -0.000000000000000000e+00 0.000000000000000000e+00 -0.000000000000000000e+00 -0.000000000000000000e+00 0.000000000000000000e+00 -0.000000000000000000e+00
0.000000000000000000e+00 -0.000000000000000000e+00 0.000000000000000000e+00 0.000000000000000000e+00 -0.000000000000000000e+00 -0.000000000000000000e+00 -0.000000000000000000e+00 -0.000000000000000000e+00 0.000000000000000000e+00 -0.000000000000000000e+00
-0.000000000000000000e+00 0.000000000000000000e+00 0.000000000000000000e+00 -0.000000000000000000e+00 0.000000000000000000e+00 0.000000000000000000e+00 0.000000000000000000e+00 0.000000000000000000e+00 -0.000000000000000000e+00 0.000000000000000000e+00
-0.000000000000000000e+00 0.000000000000000000e+00 -0.000000000000000000e+00 -0.000000000000000000e+00 0.000000000000000000e+00 -0.000000000000000000e+00 0.000000000000000000e+00 0.000000000000000000e+00 -0.000000000000000000e+00 0.000000000000000000e+00
-0.000000000000000000e+00 0.000000000000000000e+00 -0.000000000000000000e+00 -0.000000000000000000e+00 0.000000000000000000e+00 -0.000000000000000000e+00 0.000000000000000000e+00 0.000000000000000000e+00 -0.000000000000000000e+00 0.000000000000000000e+00
-0.000000000000000000e+00 0.000000000000000000e+00 0.000000000000000000e+00 -0.000000000000000000e+00 0.000000000000000000e+00 -0.000000000000000000e+00 0.000000000000000000e+00 0.000000000000000000e+00 -0.000000000000000000e+00 0.000000000000000000e+00
-0.000000000000000000e+00 0.000000000000000000e+00 -0.000000000000000000e+00 -0.000000000000000000e+00 0.000000000000000000e+00 -0.000000000000000000e+00 0.000000000000000000e+00 0.000000000000000000e+00 -0.000000000000000000e+00 0.000000000000000000e+00
-0.000000000000000000e+00 0.000000000000000000e+00 -0.000000000000000000e+00 -0.000000000000000000e+00 0.000000000000000000e+00 -0.000000000000000000e+00 0.000000000000000000e+00 0.000000000000000000e+00 -0.000000000000000000e+00 0.000000000000000000e+00
-0.000000000000000000e+00 0.000000000000000000e+00 0.000000000000000000e+00 -0.000000000000000000e+00 0.000000000000000000e+00 -0.000000000000000000e+00 0.000000000000000000e+00 0.000000000000000000e+00 -0.000000000000000000e+00 0.000000000000000000e+00
-0.000000000000000000e+00 0.000000000000000000e+00 -0.000000000000000000e+00 -0.000000000000000000e+00 0.000000000000000000e+00 -0.000000000000000000e+00 0.000000000000000000e+00 0.000000000000000000e+00 -0.000000000000000000e+00 0.000000000000000000e+00
-0.000000000000000000e+00 0.000000000000000000e+00 0.000000000000000000e+00 -0.000000000000000000e+00 0.000000000000000000e+00 -0.000000000000000000e+00 0.000000000000000000e+00 0.000000000000000000e+00 -0.000000000000000000e+00 0.000000000000000000e+00
-0.000000000000000000e+00 0.000000000000000000e+00 0.000000000000000000e+00 -0.000000000000000000e+00 0.000000000000000000e+00 -0.000000000000000000e+00 0.000000000000000000e+00 0.000000000000000000e+00 -0.000000000000000000e+00 0.000000000000000000e+00
-0.000000000000000000e+00 0.000000000000000000e+00 0.000000000000000000e+00 -0.000000000000000000e+00 0.000000000000000000e+00 -0.000000000000000000e+00 0.000000000000000000e+00 0.000000000000000000e+00 -0.000000000000000000e+00 0.000000000000000000e+00
-0.000000000000000000e+00 0.000000000000000000e+00 -0.000000000000000000e+00 -0.000000000000000000e+00 0.000000000000000000e+00 -0.000000000000000000e+00 0.000000000000000000e+00 0.000000000000000000e+00 -0.000000000000000000e+00 0.000000000000000000e+00
-0.000000000000000000e+00 0.000000000000000000e+00 0.000000000000000000e+00 -0.000000000000000000e+00 0.000000000000000000e+00 -0.000000000000000000e+00 0.000000000000000000e+00 0.000000000000000000e+00 -0.000000000000000000e+00 0.000000000000000000e+00
-0.000000000000000000e+00 0.000000000000000000e+00 0.000000000000000000e+00 -0.000000000000000000e+00 0.000000000000000000e+00 -0.000000000000000000e+00 0.000000000000000000e+00 0.000000000000000000e+00 -0.000000000000000000e+00 0.000000000000000000e+00
-0.000000000000000000e+00 0.000000000000000000e+00 -0.000000000000000000e+00 -0.000000000000000000e+00 0.000000000000000000e+00 -0.000000000000000000e+00 0.000000000000000000e+00 0.000000000000000000e+00 -0.000000000000000000e+00 0.000000000000000000e+00
-0.000000000000000000e+00 0.000000000000000000e+00 0.000000000000000000e+00 -0.000000000000000000e+00 0.000000000000000000e+00 -0.000000000000000000e+00 0.000000000000000000e+00 0.000000000000000000e+00 -0.000000000000000000e+00 0.000000000000000000e+00
-0.000000000000000000e+00 0.000000000000000000e+00 0.000000000000000000e+00 -0.000000000000000000e+00 0.000000000000000000e+00 -0.000000000000000000e+00 0.000000000000000000e+00 0.000000000000000000e+00 -0.000000000000000000e+00 0.000000000000000000e+00
-0.000000000000000000e+00 0.000000000000000000e+00 -0.000000000000000000e+00 -0.000000000000000000e+00 0.000000000000000000e+00 -0.000000000000000000e+00 0.000000000000000000e+00 0.000000000000000000e+00 -0.000000000000000000e+00 0.000000000000000000e+00
-0.000000000000000000e+00 0.000000000000000000e+00 0.000000000000000000e+00 -0.000000000000000000e+00 0.000000000000000000e+00 -0.000000000000000000e+00 0.000000000000000000e+00 0.000000000000000000e+00 -0.000000000000000000e+00 0.000000000000000000e+00
-0.000000000000000000e+00 0.000000000000000000e+00 0.000000000000000000e+00 -0.000000000000000000e+00 0.000000000000000000e+00 -0.000000000000000000e+00 0.000000000000000000e+00 0.000000000000000000e+00 -0.000000000000000000e+00 0.000000000000000000e+00
-0.000000000000000000e+00 0.000000000000000000e+00 0.000000000000000000e+00 -0.000000000000000000e+00 0.000000000000000000e+00 -0.000000000000000000e+00 0.000000000000000000e+00 0.000000000000000000e+00 -0.000000000000000000e+00 0.000000000000000000e+00
-0.000000000000000000e+00 0.000000000000000000e+00 0.000000000000000000e+00 -0.000000000000000000e+00 0.000000000000000000e+00 -0.000000000000000000e+00 0.000000000000000000e+00 0.000000000000000000e+00 -0.000000000000000000e+00 0.000000000000000000e+00
0.000000000000000000e+00 -0.000000000000000000e+00 0.000000000000000000e+00 0.000000000000000000e+00 -0.000000000000000000e+00 -0.000000000000000000e+00 -0.000000000000000000e+00 -0.000000000000000000e+00 0.000000000000000000e+00 -0.000000000000000000e+00
0.000000000000000000e+00 -0.000000000000000000e+00 0.000000000000000000e+00 0.000000000000000000e+00 -0.000000000000000000e+00 -0.000000000000000000e+00 -0.000000000000000000e+00 -0.000000000000000000e+00 0.000000000000000000e+00 0.000000000000000000e+00
0.000000000000000000e+00 -0.000000000000000000e+00 0.000000000000000000e+00 0.000000000000000000e+00 -0.000000000000000000e+00 -0.000000000000000000e+00 -0.000000000000000000e+00 -0.000000000000000000e+00 0.000000000000000000e+00 0.000000000000000000e+00
0.000000000000000000e+00 -0.000000000000000000e+00 0.000000000000000000e+00 0.000000000000000000e+00 -0.000000000000000000e+00 -0.000000000000000000e+00 0.000000000000000000e+00 -0.000000000000000000e+00 -0.000000000000000000e+00 0.000000000000000000e+00
-0.000000000000000000e+00 0.000000000000000000e+00 -0.000000000000000000e+00 -0.000000000000000000e+00 0.000000000000000000e+00 0.000000000000000000e+00 0.000000000000000000e+00 0.000000000000000000e+00 -0.000000000000000000e+00 0.000000000000000000e+00
0.000000000000000000e+00 -0.000000000000000000e+00 0.000000000000000000e+00 0.000000000000000000e+00 -0.000000000000000000e+00 -0.000000000000000000e+00 -0.000000000000000000e+00 -0.000000000000000000e+00 0.000000000000000000e+00 -0.000000000000000000e+00
0.000000000000000000e+00 -0.000000000000000000e+00 0.000000000000000000e+00 0.000000000000000000e+00 -0.000000000000000000e+00 -0.000000000000000000e+00 0.000000000000000000e+00 -0.000000000000000000e+00 -0.000000000000000000e+00 0.000000000000000000e+00
0.000000000000000000e+00 0.000000000000000000e+00 0.000000000000000000e+00 -0.000000000000000000e+00 -0.000000000000000000e+00 -0.000000000000000000e+00 0.000000000000000000e+00 0.000000000000000000e+00 -0.000000000000000000e+00 0.000000000000000000e+00
0.000000000000000000e+00 -0.000000000000000000e+00 0.000000000000000000e+00 0.000000000000000000e+00 -0.000000000000000000e+00 -0.000000000000000000e+00 0.000000000000000000e+00 -0.000000000000000000e+00 -0.000000000000000000e+00 0.000000000000000000e+00
0.000000000000000000e+00 -0.000000000000000000e+00 0.000000000000000000e+00 0.000000000000000000e+00 -0.000000000000000000e+00 -0.000000000000000000e+00 0.000000000000000000e+00 -0.000000000000000000e+00 -0.000000000000000000e+00 0.000000000000000000e+00
0.000000000000000000e+00 0.000000000000000000e+00 0.000000000000000000e+00 -0.000000000000000000e+00 0.000000000000000000e+00 -0.000000000000000000e+00 0.000000000000000000e+00 0.000000000000000000e+00 -0.000000000000000000e+00 0.000000000000000000e+00
-0.000000000000000000e+00 0.000000000000000000e+00 0.000000000000000000e+00 -0.000000000000000000e+00 0.000000000000000000e+00 -0.000000000000000000e+00 0.000000000000000000e+00 0.000000000000000000e+00 -0.000000000000000000e+00 0.000000000000000000e+00
0.000000000000000000e+00 0.000000000000000000e+00 0.000000000000000000e+00 -0.000000000000000000e+00 0.000000000000000000e+00 -0.000000000000000000e+00 0.000000000000000000e+00 0.000000000000000000e+00 -0.000000000000000000e+00 0.000000000000000000e+00
0.000000000000000000e+00 0.000000000000000000e+00 0.000000000000000000e+00 -0.000000000000000000e+00 -0.000000000000000000e+00 -0.000000000000000000e+00 0.000000000000000000e+00 0.000000000000000000e+00 -0.000000000000000000e+00 0.000000000000000000e+00
-0.000000000000000000e+00 0.000000000000000000e+00 0.000000000000000000e+00 -0.000000000000000000e+00 0.000000000000000000e+00 -0.000000000000000000e+00 0.000000000000000000e+00 0.000000000000000000e+00 -0.000000000000000000e+00 0.000000000000000000e+00
-0.000000000000000000e+00 0.000000000000000000e+00 0.000000000000000000e+00 -0.000000000000000000e+00 0.000000000000000000e+00 -0.000000000000000000e+00 0.000000000000000000e+00 0.000000000000000000e+00 -0.000000000000000000e+00 0.000000000000000000e+00
0.000000000000000000e+00 0.000000000000000000e+00 0.000000000000000000e+00 -0.000000000000000000e+00 0.000000000000000000e+00 -0.000000000000000000e+00 0.000000000000000000e+00 0.000000000000000000e+00 -0.000000000000000000e+00 0.000000000000000000e+00
-0.000000000000000000e+00 0.000000000000000000e+00 0.000000000000000000e+00 -0.000000000000000000e+00 0.000000000000000000e+00 -0.000000000000000000e+00 0.000000000000000000e+00 0.000000000000000000e+00 -0.000000000000000000e+00 0.000000000000000000e+00
-0.000000000000000000e+00 0.000000000000000000e+00 0.000000000000000000e+00 -0.000000000000000000e+00 0.000000000000000000e+00 -0.000000000000000000e+00 0.000000000000000000e+00 0.000000000000000000e+00 -0.000000000000000000e+00 0.000000000000000000e+00
0.000000000000000000e+00 0.000000000000000000e+00 0.000000000000000000e+00 -0.000000000000000000e+00 0.000000000000000000e+00 -0.000000000000000000e+00 0.000000000000000000e+00 0.000000000000000000e+00 -0.000000000000000000e+00 0.000000000000000000e+00
-0.000000000000000000e+00 0.000000000000000000e+00 -0.000000000000000000e+00 -0.000000000000000000e+00 0.000000000000000000e+00 -0.000000000000000000e+00 0.000000000000000000e+00 0.000000000000000000e+00 -0.000000000000000000e+00 0.000000000000000000e+00
-0.000000000000000000e+00 0.000000000000000000e+00 -0.000000000000000000e+00 -0.000000000000000000e+00 0.000000000000000000e+00 -0.000000000000000000e+00 0.000000000000000000e+00 0.000000000000000000e+00 -0.000000000000000000e+00 0.000000000000000000e+00
-0.000000000000000000e+00 0.000000000000000000e+00 -0.000000000000000000e+00 -0.000000000000000000e+00 0.000000000000000000e+00 -0.000000000000000000e+00 0.000000000000000000e+00 0.000000000000000000e+00 -0.000000000000000000e+00 0.000000000000000000e+00
-0.000000000000000000e+00 0.000000000000000000e+00 -0.000000000000000000e+00 -0.000000000000000000e+00 0.000000000000000000e+00 -0.000000000000000000e+00 0.000000000000000000e+00 0.000000000000000000e+00 -0.000000000000000000e+00 0.000000000000000000e+00
-0.000000000000000000e+00 0.000000000000000000e+00 -0.000000000000000000e+00 -0.000000000000000000e+00 0.000000000000000000e+00 -0.000000000000000000e+00 0.000000000000000000e+00 0.000000000000000000e+00 -0.000000000000000000e+00 0.000000000000000000e+00
-0.000000000000000000e+00 0.000000000000000000e+00 -0.000000000000000000e+00 -0.000000000000000000e+00 0.000000000000000000e+00 -0.000000000000000000e+00 0.000000000000000000e+00 0.000000000000000000e+00 -0.000000000000000000e+00 0.000000000000000000e+00
-0.000000000000000000e+00 0.000000000000000000e+00 -0.000000000000000000e+00 -0.000000000000000000e+00 0.000000000000000000e+00 -0.000000000000000000e+00 0.000000000000000000e+00 0.000000000000000000e+00 -0.000000000000000000e+00 0.000000000000000000e+00
-0.000000000000000000e+00 0.000000000000000000e+00 -0.000000000000000000e+00 -0.000000000000000000e+00 0.000000000000000000e+00 -0.000000000000000000e+00 0.000000000000000000e+00 0.000000000000000000e+00 -0.000000000000000000e+00 0.000000000000000000e+00
-0.000000000000000000e+00 0.000000000000000000e+00 -0.000000000000000000e+00 -0.000000000000000000e+00 0.000000000000000000e+00 -0.000000000000000000e+00 0.000000000000000000e+00 0.000000000000000000e+00 -0.000000000000000000e+00 0.000000000000000000e+00
-0.000000000000000000e+00 0.000000000000000000e+00 -0.000000000000000000e+00 -0.000000000000000000e+00 0.000000000000000000e+00 -0.000000000000000000e+00 0.000000000000000000e+00 0.000000000000000000e+00 -0.000000000000000000e+00 0.000000000000000000e+00
5.253768007397359847e-05 -5.046117421114355465e-05 8.155018336198914969e-06 -9.131686949970068873e-06 -6.132975804314673548e-05 -6.265019471944008051e-05 -5.423812473490327183e-05 -5.851780918630697229e-05 3.597575726226918085e-05 -3.012541051242907347e-05
8.312225504699676817e-05 -6.277336656674915351e-05 1.320398618005493980e-05 -5.990824163151236012e-06 -1.305660242734316904e-04 -8.088974184687820236e-05 -4.768084887763894179e-05 7.419048192252032474e-07 -3.783177445696026317e-05 1.296873751446414732e-06
7.318624855708073384e-05 -6.306704997233715201e-05 7.192769256667303832e-06 4.848608653773387233e-06 -6.437055703184978628e-05 -9.361185645365728417e-05 -3.197603385464634068e-05 -5.176544738166677731e-05 -3.361975362729669446e-05 3.099418454147856282e-05
3.678956051520340746e-05 -4.145660127438608589e-05 2.738011345456556190e-05 -6.919947667378159371e-06 -7.882110236770594239e-05 -7.337062892053394846e-05 1.205997359209905168e-05 -5.236929741610464936e-05 1.728794543942554541e-05 -1.559264549406001024e-05
6.203791353554648778e-05 -5.851307410803884517e-05 -1.342990737545559797e-05 2.903467127482459569e-05 -3.000137455620505148e-05 1.297437243768614465e-05 -5.614938019797810183e-05 -2.557065949591134642e-05 4.506447371727230553e-05 -1.679878991698264827e-05
8.519767272226791053e-05 -6.770478966821359159e-05 3.116608319967236395e-05 8.799896454336764490e-06 -9.824904007348631875e-05 -3.889690223992736342e-05 -6.119785620386693767e-05 -8.305577997669294369e-05 -3.338078076770513631e-05 -1.309883759471724172e-05
7.262637951604358365e-05 -1.149144036337160820e-04 -1.709654381749218770e-05 4.226181198219887278e-05 -1.244516946798583743e-04 -2.432216009082562133e-05 -5.462777656106717716e-05 -2.264260573304340726e-06 1.940109754990318610e-05 1.904619460668254845e-05
-7.576813591626813585e-06 -2.926433905908923898e-05 2.018990505790987225e-05 6.327834053261808960e-06 -1.243389851056039299e-04 -5.625133093143740539e-05 1.833537660630406437e-05 -9.579929544167124496e-05 -3.419592247788113106e-05 2.242595603631407586e-05
6.146023250732563262e-05 -1.202918208308627568e-04 -5.752987404140627906e-05 8.131633360645225579e-05 -6.593296828820661905e-05 -8.144985754751544614e-05 5.985841771669604476e-06 -5.954676415589273987e-05 -2.620323877781602102e-05 1.568784626340307393e-05
3.685609024179611258e-05 -3.120380552160332394e-05 -2.231355359477294649e-05 5.224517429694692345e-05 -5.444943502267290009e-05 -6.223143590102895568e-06 1.650509239285749305e-05 -1.674941812260866134e-06 1.957731508267838532e-05 -2.552528336152946875e-05
-4.988881079177993422e-05 7.023706240388845680e-06 1.109902505151422468e-05 3.936102495465720804e-05 2.885503240474212547e-05 6.790506726300002806e-05 -1.565055094868064695e-05 2.807827249185140323e-06 5.519526916889865947e-05 -4.264425822032003169e-05
-3.035067207255805931e-05 1.092045984072704046e-05 -1.277612390516022153e-05 1.245261394956201027e-05 2.282615371552021969e-05 4.467222569852108584e-05 1.448331798692148600e-05 2.209363348908432249e-06 1.534283176237332861e-05 -2.297023561225796718e-05
-3.944352964477634187e-05 -6.495860849922364857e-05 -2.844504562993321496e-05 8.132321626538120389e-06 -5.236348304594813690e-05 1.536894881918228083e-04 -5.902717068229065741e-05 -6.327977080112164878e-05 5.838687274755702359e-05 -8.312599017284774141e-05
-5.088009476216183620e-05 -1.027463731445497187e-04 -4.004319877809148990e-05 1.472776471706042189e-05 -2.230139807618655546e-05 2.008948272460439285e-04 -1.381602836071634346e-04 -4.210489701307726964e-05 1.216706816336300928e-04 -1.452422715453483167e-04
-1.459436035396844373e-06 4.435459800954715063e-05 1.683347737688687055e-05 -1.619490762349237259e-05 2.039246278723127367e-05 2.500912354151138908e-05 2.313787734315163973e-06 3.561514739021193687e-05 2.106558390715846686e-05 -6.188180942074774378e-06
-3.134613633034864967e-06 3.584477409087205438e-05 1.259406874526716421e-05 -2.527140494424233541e-06 4.939321383790329638e-05 4.199778814007962556e-06 2.012057165928043641e-05 2.587965252771253513e-05 -2.386973182102378177e-05 2.253000290737600971e-05
1.815569145789917916e-05 1.428628985542843119e-04 3.479858205382822545e-05 -7.272292297328548634e-05 7.751613392667786116e-05 -1.928146708862854910e-04 1.591064206986220479e-04 1.074124664210726572e-04 -1.676600447124022418e-04 1.731352051388324769e-04
-5.106592214942534848e-05 -6.201979139371762491e-05 1.450615880917156578e-05 3.543595682075027775e-05 -1.846703604981105964e-05 1.669321498904292585e-04 -8.371261949458406332e-05 -6.836989915517480425e-05 1.184995901075278297e-04 -1.408607694269006685e-04
1.725338158674549378e-05 1.528882553743115180e-04 4.834171827811277949e-05 -7.957184155727303353e-05 7.845550686087435091e-05 -2.061437514998850479e-04 1.650998210138650063e-04 1.071392389388665684e-04 -1.887207180164624984e-04 1.853439265802154991e-04
-3.694088448645725599e-05 -4.139933799857768850e-05 -8.724985771067035514e-06 7.117181851002140174e-06 1.912906606368445998e-05 6.223350692015058915e-05 -9.737954535378216003e-06 -5.368537581803795504e-06 3.291736639265528013e-05 -1.856976037617099468e-05
-2.513388892831414811e-05 5.739036504482300104e-05 -7.489905027714287411e-06 -4.248607899823475851e-05 3.973955919522912338e-05 -4.251139721912073466e-05 2.691766847818546804e-05 2.403966650623742994e-05 -4.574704754854745029e-05 2.579697329331285594e-05
-2.129781741142053935e-05 5.589359819074633519e-05 -2.539984572997474230e-06 -3.698572707801865418e-05 6.201081819514786162e-05 -2.075843808902094856e-05 1.683429662343432763e-06 3.097411771894292273e-05 -3.358512600882684478e-05 5.132473924278414065e-06
-3.384676301236649268e-05 6.034713764811932624e-05 -1.669615145019676510e-05 -2.491470165250200185e-05 6.984946160128694011e-05 -1.816681683088353300e-05 2.127617439764914549e-07 3.601158979847232053e-05 -1.190541672808830666e-05 1.490285183365713509e-05
-4.009229225327917570e-05 5.584176166246255499e-05 -2.392920759104261979e-05 -5.931725505731206421e-05 5.840469173230856406e-05 -3.700914898213721879e-05 1.611294710107150313e-05 2.011454784130934287e-05 -3.828914060762477861e-05 2.726404887041243200e-05
-2.042735397475439760e-05 4.172556708988219866e-05 -3.372266871425238838e-05 -5.322097103908108190e-05 6.579453215772672597e-05 -5.200792931250716115e-05 2.560386430957285918e-06 7.338095405450920794e-06 -5.737835818893375955e-05 3.876900945094475463e-05
-3.862377485601395116e-06 3.784381176421674895e-05 6.347957850475622794e-06 -1.071760539014766067e-05 5.391765342098522602e-05 -3.744206048082530866e-07 4.364108884902142670e-05 2.575814195172414133e-05 -6.478534918960592673e-06 2.965996712478879727e-05
-3.671048555899078015e-05 3.759110990673512730e-05 -2.553267124689829074e-05 -4.523327943684916046e-05 4.444891471893979237e-05 -2.950617755988621256e-05 2.236853370732147758e-05 2.784173707228123737e-05 -2.903533673885080535e-05 7.623982677673032822e-06
-3.718402813405041610e-05 5.221943298876177735e-05 -1.541646214276763018e-05 -4.322382933684128323e-05 4.755963445289283407e-05 -2.313548035966299412e-05 2.360454107946065839e-05 3.689431980201238930e-05 -4.238583442014177543e-05 1.083565454264892796e-05
-2.624884494327843352e-05 5.183011519498813442e-05 -5.214796322034119786e-06 -5.384924857380840666e-05 6.385130531232966725e-05 -2.621159897904966546e-05 2.545818577504297528e-05 3.566284351702366391e-05 -3.616394676137888885e-05 1.179684095599182125e-05
-2.839783910091346340e-05 4.718455141304296016e-05 8.278977778905330330e-06 -3.402326293038309606e-05 5.477430400080482290e-05 6.071256840278284134e-06 6.694397141046331348e-06 3.042729171818003671e-05 -1.002097757140030303e-05 5.086301683569529893e-06
