0.000000000000000000e+00
0.000000000000000000e+00
0.000000000000000000e+00
0.000000000000000000e+00
0.000000000000000000e+00
0.000000000000000000e+00
0.000000000000000000e+00
0.000000000000000000e+00
0.000000000000000000e+00
0.000000000000000000e+00
-0.000000000000000000e+00
0.000000000000000000e+00
-0.000000000000000000e+00
0.000000000000000000e+00
-0.000000000000000000e+00
-0.000000000000000000e+00
-0.000000000000000000e+00
-0.000000000000000000e+00
-0.000000000000000000e+00
0.000000000000000000e+00
-0.000000000000000000e+00
-0.000000000000000000e+00
-0.000000000000000000e+00
-0.000000000000000000e+00
-0.000000000000000000e+00
-0.000000000000000000e+00
-0.000000000000000000e+00
-0.000000000000000000e+00
-0.000000000000000000e+00
-0.000000000000000000e+00
-0.000000000000000000e+00
-0.000000000000000000e+00
-0.000000000000000000e+00
-0.000000000000000000e+00
-0.000000000000000000e+00
-0.000000000000000000e+00
-0.000000000000000000e+00
-0.000000000000000000e+00
-0.000000000000000000e+00
-0.000000000000000000e+00
4.177070682887071718e-06
1.796450985621209777e-06
2.656095877191249075e-06
3.824218364806797052e-06
3.529082864402988531e-06
8.405184636199520116e-08
1.123301081165553341e-06
-2.915796460608600657e-07
2.939458336419798883e-06
2.606933960080043690e-06
-1.977340245187315964e-05
2.835627535932524028e-05
-8.842024825815119241e-06
-5.754687272426508756e-06
1.472631041106169672e-05
2.418659561830502144e-05
3.762465697529852177e-05
-2.526099246286512390e-05
3.016895192641142148e-05
2.882009962769224701e-05
-0.000000000000000000e+00
-0.000000000000000000e+00
-0.000000000000000000e+00
-0.000000000000000000e+00
-0.000000000000000000e+00
-0.000000000000000000e+00
-0.000000000000000000e+00
-0.000000000000000000e+00
-0.000000000000000000e+00
-0.000000000000000000e+00
-0.000000000000000000e+00
-0.000000000000000000e+00
-0.000000000000000000e+00
-0.000000000000000000e+00
-0.000000000000000000e+00
-0.000000000000000000e+00
-0.000000000000000000e+00
-0.000000000000000000e+00
-0.000000000000000000e+00
-0.000000000000000000e+00
-6.236040710716654846e-06
-9.429126853839540055e-06
-1.160888845462428084e-05
-6.537182850416127916e-06
-6.740258905969882348e-06
-9.768353700889136109e-06
-1.141283001451102520e-05
-9.352135919693839585e-06
-1.075753477189603883e-05
-8.537343811674788144e-06
6.509903899676127091e-06
5.973323268216331544e-06
5.260219869704273191e-06
5.560461275645827664e-06
6.585847878660442541e-06
6.471979055402936089e-06
5.655241326121653268e-06
5.764736529395845494e-06
6.350246078577078739e-06
5.512017934124991527e-06
2.722225104117975138e-06
2.008827559731846057e-06
3.839875325339978305e-06
2.238445127101925951e-06
1.949592550185125630e-06
3.466670711078860823e-06
1.811294932708080540e-06
6.421491157582535533e-07
4.256381460071693401e-06
2.821780188025872145e-06
-3.429517009238464468e-05
-2.333295247684339836e-05
-2.842941167204098460e-05
-2.732249655802950061e-05
-2.873666816842248417e-05
-2.456870986540356252e-05
-2.630170663937948192e-05
-3.906128300660717382e-05
-1.632508148997451465e-05
-2.563435955844770836e-05
0.000000000000000000e+00
0.000000000000000000e+00
0.000000000000000000e+00
0.000000000000000000e+00
0.000000000000000000e+00
0.000000000000000000e+00
0.000000000000000000e+00
0.000000000000000000e+00
0.000000000000000000e+00
0.000000000000000000e+00
4.036877063992965462e-05
2.416605442645428179e-05
1.940337069753143474e-05
2.079899780668364212e-05
5.461781040964192635e-06
5.311324453082357811e-06
1.933798425908825569e-05
2.809511310012306905e-05
1.722566726502419829e-05
2.015510002292955071e-05
0.000000000000000000e+00
0.000000000000000000e+00
-0.000000000000000000e+00
0.000000000000000000e+00
0.000000000000000000e+00
0.000000000000000000e+00
-0.000000000000000000e+00
-0.000000000000000000e+00
0.000000000000000000e+00
0.000000000000000000e+00
-1.673396516046851852e-04
-1.072425279933068729e-04
-1.315080472065065687e-04
-2.077138081918964579e-04
-1.762330549835343591e-04
-2.339341310842822500e-04
-2.491660830104406362e-04
-1.730624176368955028e-04
-1.190958697100581460e-04
-1.497485547995978678e-04
0.000000000000000000e+00
0.000000000000000000e+00
0.000000000000000000e+00
0.000000000000000000e+00
-0.000000000000000000e+00
-0.000000000000000000e+00
-0.000000000000000000e+00
-0.000000000000000000e+00
0.000000000000000000e+00
0.000000000000000000e+00
-0.000000000000000000e+00
-0.000000000000000000e+00
-0.000000000000000000e+00
-0.000000000000000000e+00
-0.000000000000000000e+00
-0.000000000000000000e+00
-0.000000000000000000e+00
-0.000000000000000000e+00
-0.000000000000000000e+00
-0.000000000000000000e+00
-2.715509440871417466e-07
-1.876554009619976226e-07
-2.369963645299680377e-07
-2.312977787382594640e-07
-3.742399828426735687e-07
-2.647936526402152321e-07
-2.312087799593274750e-07
-3.231508542748176223e-07
-2.846416222996950209e-07
-1.590704911623384588e-07
0.000000000000000000e+00
0.000000000000000000e+00
0.000000000000000000e+00
0.000000000000000000e+00
0.000000000000000000e+00
0.000000000000000000e+00
0.000000000000000000e+00
0.000000000000000000e+00
0.000000000000000000e+00
0.000000000000000000e+00
0.000000000000000000e+00
0.000000000000000000e+00
0.000000000000000000e+00
0.000000000000000000e+00
0.000000000000000000e+00
0.000000000000000000e+00
0.000000000000000000e+00
0.000000000000000000e+00
0.000000000000000000e+00
0.000000000000000000e+00
-2.685352427097261537e-04
-3.450216442812308938e-04
-3.027889382485162762e-04
-2.663370600304777757e-04
-3.229897875446439536e-04
-2.632546313391002858e-04
-3.450602952423304274e-04
-3.452406827529403061e-04
-3.553410206792578514e-04
-3.262272896467476729e-04
-4.679296329022585542e-04
-1.094476163146372214e-04
-8.820419355300890187e-04
-1.583172739714470544e-03
1.899588766944810896e-04
5.731550018960413721e-04
1.576981537595942241e-03
-1.061352295802336834e-03
1.855330969630572535e-03
-2.089921933868212533e-04
2.056236899073190784e-05
1.337733333485674568e-05
7.761816885066221994e-07
2.367760374890485453e-05
2.840291607998712286e-05
-8.219794580183617140e-06
1.022107920324525109e-05
2.686644950323471671e-05
2.502609214361888374e-05
-3.774278684048772775e-06
