0.000000000000000000e+00
0.000000000000000000e+00
0.000000000000000000e+00
0.000000000000000000e+00
0.000000000000000000e+00
0.000000000000000000e+00
0.000000000000000000e+00
0.000000000000000000e+00
0.000000000000000000e+00
0.000000000000000000e+00
-0.000000000000000000e+00
0.000000000000000000e+00
-0.000000000000000000e+00
0.000000000000000000e+00
-0.000000000000000000e+00
-0.000000000000000000e+00
-0.000000000000000000e+00
-0.000000000000000000e+00
-0.000000000000000000e+00
0.000000000000000000e+00
-0.000000000000000000e+00
-0.000000000000000000e+00
-0.000000000000000000e+00
-0.000000000000000000e+00
-0.000000000000000000e+00
-0.000000000000000000e+00
-0.000000000000000000e+00
-0.000000000000000000e+00
-0.000000000000000000e+00
-0.000000000000000000e+00
-3.322984206190871971e-06
-4.898995155449796010e-06
-5.518075743526000200e-06
-1.229812184962400959e-06
-3.815097391023244776e-06
-3.604636730340496458e-06
-2.172652957634865060e-06
-3.835433746571376203e-06
-5.257011338126458702e-06
-1.824004789094010211e-06
-0.000000000000000000e+00
-0.000000000000000000e+00
-0.000000000000000000e+00
-0.000000000000000000e+00
-0.000000000000000000e+00
-0.000000000000000000e+00
-0.000000000000000000e+00
-0.000000000000000000e+00
-0.000000000000000000e+00
-0.000000000000000000e+00
-2.241112144089623316e-06
-1.964153442339687807e-06
7.357615741482055243e-07
-6.871871245861450289e-06
-7.469113942034323631e-06
-4.001164261312703992e-06
5.167691580428414906e-06
-3.446695594718844964e-06
-2.967708039735324995e-06
4.434515329863836046e-06
-1.749576873789637923e-05
-9.572212973557872801e-06
2.457357880710037972e-05
1.066220504393360812e-05
3.024464898980034684e-05
1.598228625649060865e-05
-2.159783574496243884e-05
2.256605902545628621e-05
-2.269301035990344050e-05
2.296689491138625733e-05
-0.000000000000000000e+00
-0.000000000000000000e+00
-0.000000000000000000e+00
-0.000000000000000000e+00
-0.000000000000000000e+00
-0.000000000000000000e+00
-0.000000000000000000e+00
-0.000000000000000000e+00
-0.000000000000000000e+00
-0.000000000000000000e+00
-1.695956791732147978e-04
-1.807241963632068630e-04
-1.741567468050089372e-04
-1.457957129819787367e-04
-3.716131617277109567e-05
4.533393638249238599e-05
-5.268616569367497052e-05
2.420035446364941347e-05
-7.092642660013727342e-05
1.800102772420712188e-05
0.000000000000000000e+00
0.000000000000000000e+00
0.000000000000000000e+00
0.000000000000000000e+00
0.000000000000000000e+00
0.000000000000000000e+00
0.000000000000000000e+00
0.000000000000000000e+00
0.000000000000000000e+00
0.000000000000000000e+00
-2.665267901198965550e-06
-3.974186000062224770e-06
-4.104595927186695164e-06
-3.876254267097594148e-06
-3.986711683177350501e-06
-3.128537975537541926e-06
-3.336027677897728967e-06
-4.063341099316652922e-06
-3.832693678497573304e-06
-3.679599856801404766e-06
-2.657854537098327627e-05
-2.266724678061169445e-05
-2.818767323993812577e-05
-3.051870239262193809e-05
-2.388805880164630730e-05
-2.520044691228908311e-05
-2.246984435147737511e-05
-2.250841345793685522e-05
-2.622578116057253071e-05
-2.869956544370648620e-05
0.000000000000000000e+00
0.000000000000000000e+00
0.000000000000000000e+00
0.000000000000000000e+00
0.000000000000000000e+00
0.000000000000000000e+00
0.000000000000000000e+00
0.000000000000000000e+00
0.000000000000000000e+00
0.000000000000000000e+00
0.000000000000000000e+00
0.000000000000000000e+00
0.000000000000000000e+00
-0.000000000000000000e+00
-0.000000000000000000e+00
0.000000000000000000e+00
-0.000000000000000000e+00
0.000000000000000000e+00
-0.000000000000000000e+00
-0.000000000000000000e+00
0.000000000000000000e+00
-0.000000000000000000e+00
-0.000000000000000000e+00
0.000000000000000000e+00
0.000000000000000000e+00
0.000000000000000000e+00
-0.000000000000000000e+00
-0.000000000000000000e+00
-0.000000000000000000e+00
0.000000000000000000e+00
-1.031934852878861559e-04
-1.565849596177396855e-04
-7.824397299377591156e-05
-1.126861613504936738e-04
-1.322204415710703221e-04
-9.258521623406263323e-05
-8.757098380445737737e-05
-1.409615057398392430e-04
-1.878765429421947993e-04
-1.010308649169039261e-04
0.000000000000000000e+00
0.000000000000000000e+00
-0.000000000000000000e+00
-0.000000000000000000e+00
-0.000000000000000000e+00
-0.000000000000000000e+00
0.000000000000000000e+00
-0.000000000000000000e+00
0.000000000000000000e+00
0.000000000000000000e+00
-0.000000000000000000e+00
-0.000000000000000000e+00
-0.000000000000000000e+00
-0.000000000000000000e+00
-0.000000000000000000e+00
-0.000000000000000000e+00
-0.000000000000000000e+00
-0.000000000000000000e+00
-0.000000000000000000e+00
-0.000000000000000000e+00
-0.000000000000000000e+00
-0.000000000000000000e+00
-0.000000000000000000e+00
-0.000000000000000000e+00
-0.000000000000000000e+00
-0.000000000000000000e+00
-0.000000000000000000e+00
-0.000000000000000000e+00
-0.000000000000000000e+00
-0.000000000000000000e+00
0.000000000000000000e+00
0.000000000000000000e+00
0.000000000000000000e+00
-0.000000000000000000e+00
-0.000000000000000000e+00
0.000000000000000000e+00
-0.000000000000000000e+00
-0.000000000000000000e+00
-0.000000000000000000e+00
0.000000000000000000e+00
-3.816724703660240580e-05
1.824959319111982682e-04
-4.770017130898557956e-05
-1.173762618358861390e-04
1.221279121658640058e-04
-1.486960432061097518e-04
1.820874551260380804e-05
4.579494174517090944e-05
1.590591906867668294e-06
-7.297343393934536114e-05
-4.620247374022651786e-04
-3.561250113817435799e-04
-4.591221178709723816e-04
-4.989620138374974839e-04
-4.411119317159608927e-04
-3.762798944215391996e-04
-2.965974505435839468e-04
-2.919368060012627665e-04
-3.353889209871245038e-04
-3.211442877282390078e-04
-9.697341770796905200e-05
2.968924427388375514e-04
4.144235193299945080e-04
-3.017771374568306952e-05
6.381525097662975451e-04
3.919378762309080606e-04
-3.552116531305102580e-04
-8.014857889005466696e-04
-2.318647311360594386e-04
-2.209108902254337315e-04
-1.169791342800204775e-03
-9.753122078534310702e-04
-1.786637352793487990e-03
1.054434800026835288e-03
-9.475697136653088090e-04
-1.833776789795157078e-03
9.210045299108882881e-04
2.826499668458912142e-04
4.026223431651957882e-03
4.584364916632309070e-04
