7.953730886564355893e-05
7.324962083600554614e-05
8.757424039582113826e-04
9.490069335928654100e-04
5.469140195409064520e-04
5.402507082174902404e-05
5.757892122983343476e-05
1.430483882315969085e-05
3.863234996829023084e-04
9.106708437386728215e-04
1.201160580796852803e-04
5.525849430324410432e-04
5.349259540889303704e-04
7.105541609684815595e-04
3.474864739483601449e-04
7.962073642990749036e-04
2.250456641018567291e-04
7.969448863149737302e-04
2.929638214630211207e-04
8.050828509232827238e-04
7.745390952431421274e-04
1.867967874176061399e-04
8.738176951451347456e-04
8.357172179556943267e-04
1.995564772276167838e-04
9.405857828718654191e-05
4.650388576557086887e-04
8.440205239853968604e-05
6.591409167454484420e-04
4.192665537221995013e-04
8.176103620935749319e-04
3.341914798254849131e-04
1.485028762114955941e-04
1.681286758239428970e-04
5.681823655534678440e-07
4.730276743240088995e-04
6.163356888743573786e-04
3.788270141978310451e-04
4.272798073645270127e-05
1.227092704534610387e-04
2.680674860223982510e-04
8.732227510846374057e-04
1.616859366370248922e-04
8.443166137423964077e-05
3.737608300012211266e-04
7.970191210496483259e-04
5.738674008477102082e-04
7.082897760017156522e-04
4.163831702438392499e-04
2.685252261999387523e-04
5.360555501748067711e-04
1.420414698471096008e-04
7.290294626233707800e-04
2.029886705038847839e-05
2.308771365667326120e-05
5.822823859909395617e-04
8.195860847017552358e-04
8.558387568490839889e-04
3.319481299961174817e-04
5.557077562306433297e-04
1.593296174530882707e-04
7.187989069990367332e-04
4.841761996744132959e-04
8.694007216869911910e-04
3.291506331729818235e-04
4.497714384889248173e-04
6.429517356471283959e-04
5.943190302548709281e-04
4.773866432697734395e-04
2.365121635480586424e-04
9.090487690523032594e-04
1.930806255501703534e-04
6.436580547998265378e-04
5.659709741034975750e-04
3.511808318297446612e-04
9.363332856504313906e-04
3.116468263914050720e-04
8.618436516689190717e-04
8.970536930385135995e-04
8.318492055145668010e-04
5.955645126814367247e-04
4.948700226264912943e-04
9.006307177865012720e-04
6.251844557321739864e-04
3.082575839342181854e-04
2.065514458632686636e-04
5.220652867351547677e-04
5.632627383318526085e-04
3.912022856411627946e-04
7.792387003028744151e-04
8.852805364411260114e-04
6.754140368289766579e-04
7.787913954857392414e-04
4.707416892793157511e-04
1.383712930405223292e-04
2.019254574597118641e-04
3.402048316132510650e-04
3.622777676760941218e-04
5.306567657758181597e-05
5.592720214625579488e-04
-1.550107027490222654e-05
-3.424417084791902958e-05
3.883262859504167013e-04
-4.629793312413938789e-04
3.924475130508683148e-04
-4.512876247198168160e-04
4.178940561234577495e-04
2.403379223202375449e-04
-1.414761555963659193e-05
-3.114637455278172653e-04
1.315521585825789840e-04
-3.622684483585777581e-04
-6.093691516799842461e-05
-1.141885635935335080e-04
1.295251518590100309e-04
-3.416061944542089692e-04
3.226560799298476751e-04
-3.623703472015199099e-04
-1.414412410976428707e-04
-4.123380303468162549e-04
4.731690568977794660e-04
7.578519606931794460e-04
1.991339375887008704e-04
8.147004948580567835e-04
9.460245898973665846e-04
3.764626903894852062e-04
2.923708231890883680e-04
5.772228287497945497e-04
1.776866485972448202e-04
7.043319033065158392e-04
5.750042361858380847e-04
9.067908442363248204e-04
9.112171837760323426e-04
3.232056862969772624e-06
9.212394230646212250e-04
4.110265539894687107e-04
1.287304021697446594e-04
4.532033258948166168e-04
9.496496821959010074e-04
6.210944128414501398e-04
5.762262808410356435e-05
1.731010890714190179e-04
1.989269236622805983e-04
4.383518241348077792e-04
4.857095269460903536e-04
4.320563713282765022e-04
5.253411672126903327e-04
7.987480142685104761e-04
7.014330412234830734e-04
7.125329120134723257e-04
9.211871746115696301e-04
6.256150502327011836e-04
2.756576707542770523e-04
3.818789672122034412e-04
1.693459191935205057e-04
4.258351431481500224e-05
2.434550268161321117e-04
3.824205344806530559e-04
8.452479136657718717e-04
7.036957108235149076e-04
4.631946910710572018e-04
6.299864148587379885e-04
4.108649684854187491e-05
7.502207861534818686e-05
7.253359854111770481e-04
6.740009706180461260e-04
2.050701721221804543e-04
7.250240253660460718e-04
4.108423757725054187e-04
3.497634378944831034e-04
4.298461783222953564e-04
2.854765554491675117e-04
9.390317551299686479e-04
8.679544002522252347e-04
1.399679845052761952e-04
8.695117183829371250e-04
8.518428159917946487e-04
7.046348046425244746e-04
2.171502236961156873e-04
9.292424767740967021e-04
7.649577182818164322e-04
6.884056744473203730e-04
6.922545713530636052e-04
7.919324664067189847e-04
3.894244586522542279e-04
9.435144198646714655e-04
6.837208335015013995e-04
5.352687710552903478e-04
2.969709044584566138e-04
5.761579244533685852e-05
7.476643698671374492e-04
2.440558690835670957e-04
5.692821525361209433e-04
2.153669526735149295e-04
7.919961134078906066e-04
1.094778500165868304e-04
4.038441445436743841e-04
8.464134200446539686e-04
3.942226588043908227e-04
1.026216803321551207e-08
5.167451302890026634e-04
1.108450904040076442e-04
9.270555490313213626e-04
5.568531718419766864e-04
7.785191573125884975e-04
-6.044102398640068799e-06
3.863227911550126833e-04
5.946363355744875264e-04
5.689926944569047860e-04
9.490793974267555384e-05
2.215548088950633986e-04
-9.510689201528313799e-05
2.815663165474279598e-05
4.526050439182248181e-04
2.716549322801640630e-04
1.780701536234463014e-05
5.688580935397491417e-05
5.697672882957200823e-04
1.762854785569787231e-04
-7.834454673543659459e-05
-1.862069565560781472e-04
3.317722018681939621e-04
-1.534803212207764601e-04
-2.227996147395739485e-04
3.580600330520123504e-04
4.664928607277891103e-04
-2.933857386253645497e-04
-1.095621120977890918e-04
1.976411881869594785e-04
-1.427808100630551934e-04
7.313654873976453707e-05
3.537490761230292031e-04
-4.085210702203211086e-04
1.598157302058726833e-04
3.593895833194848889e-04
-2.056240386845510138e-04
-6.317770885309153520e-05
4.099121106534734326e-04
-3.250860158166664826e-04
-4.283871391499321536e-04
