6.976320193756184748e-06
3.248876408779633694e-07
3.039624134296424438e-06
4.803812457313724320e-06
1.013085238556304676e-05
1.001350810333983406e-05
5.341839303992531391e-06
8.707005942089255655e-07
9.128972659955250085e-06
5.345255808148020789e-06
1.341744557256043956e-05
1.552285203956261055e-05
1.155230068391244291e-06
7.234131230089092946e-07
1.528851137608334466e-05
1.948596055163356288e-06
6.247025362116867637e-06
8.166758085076852771e-06
8.061092233178520540e-06
1.089822461443490471e-07
-6.408227209983309016e-05
-4.533696228253428293e-05
-6.363003134455435172e-05
-7.708764409524999743e-05
-8.209898235738375990e-07
-7.482490602764972924e-05
-7.482756477910861947e-05
-6.347580923263452688e-05
-9.134033627587361860e-05
-1.075347309961909102e-04
-1.240342318301205290e-04
-5.355060359013420888e-06
-5.604302370694870875e-05
-5.744011416214402473e-05
-1.521985179624847607e-04
-1.290532680282765879e-04
-9.267707697318916884e-05
-9.634442215196606471e-05
-1.485449481301095997e-04
2.277614106451551041e-05
-0.000000000000000000e+00
-0.000000000000000000e+00
-0.000000000000000000e+00
-0.000000000000000000e+00
-0.000000000000000000e+00
-0.000000000000000000e+00
-0.000000000000000000e+00
-0.000000000000000000e+00
-0.000000000000000000e+00
-0.000000000000000000e+00
-0.000000000000000000e+00
-0.000000000000000000e+00
-0.000000000000000000e+00
-0.000000000000000000e+00
-0.000000000000000000e+00
-0.000000000000000000e+00
-0.000000000000000000e+00
-0.000000000000000000e+00
-0.000000000000000000e+00
-0.000000000000000000e+00
4.253159059124366490e-05
-1.387877575086980915e-06
1.368993395888990524e-05
2.900298694861462199e-05
7.135879099849963084e-06
9.761825137811615420e-06
1.675555496134166654e-05
2.936274039509460362e-05
2.266733124904289965e-05
3.942511349473017091e-05
-0.000000000000000000e+00
-0.000000000000000000e+00
-0.000000000000000000e+00
-0.000000000000000000e+00
-0.000000000000000000e+00
-0.000000000000000000e+00
-0.000000000000000000e+00
-0.000000000000000000e+00
-0.000000000000000000e+00
-0.000000000000000000e+00
-8.820991948872331542e-05
-9.119484204162567028e-05
-7.214057692758012858e-05
-9.070488476112374438e-05
-1.667314453171643692e-05
-9.774556085030039921e-05
-1.752973003905157782e-05
-4.493966815568888935e-05
-8.280952683326895834e-05
-4.010502774863712464e-05
3.242428834818156461e-10
3.200810469760796281e-10
3.288805750408041298e-10
2.919672068061268792e-10
3.536582259370479302e-10
3.380288822323565162e-10
3.267410311977712668e-10
3.245005824352969252e-10
3.575598503401962327e-10
3.322005213784898639e-10
-6.395258768547304335e-06
-6.128221229430314625e-06
-6.012080579668233995e-06
-6.715622108811362552e-06
-6.778955034062807453e-06
-5.876970577188564898e-06
-6.260427380721938915e-06
-5.432303772627871838e-06
-6.147404045195700145e-06
-6.656035390158653655e-06
-1.405662881662800690e-05
-1.319532144584067371e-05
-1.253242440529311996e-05
-1.184803543849189905e-05
-1.212987755173198225e-05
-1.355490419575276717e-05
-1.182068496545638956e-05
-1.237080367208293213e-05
-1.289829732029763154e-05
-1.240290971329205299e-05
0.000000000000000000e+00
0.000000000000000000e+00
0.000000000000000000e+00
0.000000000000000000e+00
0.000000000000000000e+00
0.000000000000000000e+00
0.000000000000000000e+00
0.000000000000000000e+00
0.000000000000000000e+00
0.000000000000000000e+00
0.000000000000000000e+00
0.000000000000000000e+00
0.000000000000000000e+00
-0.000000000000000000e+00
-0.000000000000000000e+00
0.000000000000000000e+00
-0.000000000000000000e+00
0.000000000000000000e+00
-0.000000000000000000e+00
-0.000000000000000000e+00
0.000000000000000000e+00
-0.000000000000000000e+00
-0.000000000000000000e+00
0.000000000000000000e+00
0.000000000000000000e+00
0.000000000000000000e+00
-0.000000000000000000e+00
-0.000000000000000000e+00
0.000000000000000000e+00
0.000000000000000000e+00
9.378422823052768627e-06
-3.887939435170345782e-05
-3.805045920001327679e-05
-5.860460588425563897e-05
-4.788134509639310315e-05
-3.761359199546932236e-05
-1.951212635826694077e-05
-4.251915497266810484e-05
-6.167361321776106521e-05
-5.237995895837566031e-05
-2.551644111935075121e-05
-5.902796102327412551e-05
-5.441461016907299375e-05
-9.730386210193610341e-05
-8.028503831545856138e-05
-2.001903475246236475e-05
-5.961428364307472813e-05
-7.553474007460165749e-05
-4.709081018707152985e-05
-4.809235548164421544e-05
-7.705132352907389734e-05
-9.369136509583994815e-05
-9.410756928020396254e-05
-3.395236405989365759e-05
-3.250224530183895582e-05
-2.768149111577884432e-05
-7.742529658619115140e-05
-6.820106564894036483e-05
-1.089395207228906914e-04
-3.567960632209626486e-05
-5.309315208184711032e-05
-3.021924178570987516e-05
-5.873201222911188761e-05
-3.627029640906187643e-05
-7.897825666544101841e-05
-5.258388683300557835e-05
-8.733631345745348042e-05
-9.207014981940763040e-05
-2.995819382023650915e-05
-6.326462515822707500e-05
0.000000000000000000e+00
0.000000000000000000e+00
0.000000000000000000e+00
0.000000000000000000e+00
0.000000000000000000e+00
0.000000000000000000e+00
0.000000000000000000e+00
0.000000000000000000e+00
0.000000000000000000e+00
0.000000000000000000e+00
-4.929061993624835665e-05
-3.451510894724015634e-05
-4.594956346587370812e-05
-4.309945779471734503e-05
-3.103727994425607776e-05
-4.598474940723390616e-05
-4.573422654527560760e-05
-5.099208429478589586e-05
-4.850688811005804207e-05
-4.395636151761567932e-05
-2.851679516520683622e-04
-3.141855749828053202e-04
-3.051231294812365769e-04
-3.115817445569352682e-04
-3.128392684393515623e-04
-2.967944759040931158e-04
-2.763236693313923169e-04
-2.939932948875768025e-04
-3.173356123105095569e-04
-3.155255423001640698e-04
1.542028929099730503e-04
-5.100163569592312544e-06
-1.166340197305926294e-04
-1.248732793889215120e-04
7.655150415754712338e-05
1.260979371855257812e-04
-4.395759791520450262e-05
-8.132440343540660549e-05
-7.773642076718371172e-05
1.573610829864263380e-04
-9.174137450363288072e-04
2.902590600731363990e-03
3.157313106963027138e-05
2.414027910744673700e-04
-5.717707490821334355e-04
-6.899191820067555794e-04
-3.816406337251298121e-03
-4.985328872748218555e-04
8.451343269993609551e-04
2.275071507559061224e-03
