-0.000000000000000000e+00 -0.000000000000000000e+00 0.000000000000000000e+00 0.000000000000000000e+00 0.000000000000000000e+00 0.000000000000000000e+00 0.000000000000000000e+00 0.000000000000000000e+00 0.000000000000000000e+00 0.000000000000000000e+00
-0.000000000000000000e+00 -0.000000000000000000e+00 0.000000000000000000e+00 0.000000000000000000e+00 0.000000000000000000e+00 0.000000000000000000e+00 0.000000000000000000e+00 0.000000000000000000e+00 0.000000000000000000e+00 0.000000000000000000e+00
-0.000000000000000000e+00 -0.000000000000000000e+00 0.000000000000000000e+00 0.000000000000000000e+00 0.000000000000000000e+00 0.000000000000000000e+00 0.000000000000000000e+00 0.000000000000000000e+00 0.000000000000000000e+00 0.000000000000000000e+00
-0.000000000000000000e+00 -0.000000000000000000e+00 0.000000000000000000e+00 0.000000000000000000e+00 0.000000000000000000e+00 0.000000000000000000e+00 0.000000000000000000e+00 0.000000000000000000e+00 0.000000000000000000e+00 0.000000000000000000e+00
-0.000000000000000000e+00 -0.000000000000000000e+00 0.000000000000000000e+00 0.000000000000000000e+00 0.000000000000000000e+00 0.000000000000000000e+00 0.000000000000000000e+00 0.000000000000000000e+00 0.000000000000000000e+00 0.000000000000000000e+00
-0.000000000000000000e+00 -0.000000000000000000e+00 0.000000000000000000e+00 0.000000000000000000e+00 0.000000000000000000e+00 0.000000000000000000e+00 0.000000000000000000e+00 0.000000000000000000e+00 0.000000000000000000e+00 0.000000000000000000e+00
-0.000000000000000000e+00 -0.000000000000000000e+00 0.000000000000000000e+00 0.000000000000000000e+00 0.000000000000000000e+00 0.000000000000000000e+00 0.000000000000000000e+00 0.000000000000000000e+00 0.000000000000000000e+00 0.000000000000000000e+00
-0.000000000000000000e+00 -0.000000000000000000e+00 0.000000000000000000e+00 0.000000000000000000e+00 0.000000000000000000e+00 0.000000000000000000e+00 0.000000000000000000e+00 0.000000000000000000e+00 0.000000000000000000e+00 0.000000000000000000e+00
-0.000000000000000000e+00 -0.000000000000000000e+00 0.000000000000000000e+00 0.000000000000000000e+00 0.000000000000000000e+00 0.000000000000000000e+00 0.000000000000000000e+00 0.000000000000000000e+00 0.000000000000000000e+00 0.000000000000000000e+00
-0.000000000000000000e+00 -0.000000000000000000e+00 0.000000000000000000e+00 0.000000000000000000e+00 0.000000000000000000e+00 0.000000000000000000e+00 0.000000000000000000e+00 0.000000000000000000e+00 0.000000000000000000e+00 0.000000000000000000e+00
-0.000000000000000000e+00 -0.000000000000000000e+00 0.000000000000000000e+00 0.000000000000000000e+00 0.000000000000000000e+00 0.000000000000000000e+00 0.000000000000000000e+00 0.000000000000000000e+00 0.000000000000000000e+00 0.000000000000000000e+00
-0.000000000000000000e+00 -0.000000000000000000e+00 0.000000000000000000e+00 0.000000000000000000e+00 0.000000000000000000e+00 -0.000000000000000000e+00 0.000000000000000000e+00 0.000000000000000000e+00 0.000000000000000000e+00 0.000000000000000000e+00
0.000000000000000000e+00 0.000000000000000000e+00 -0.000000000000000000e+00 -0.000000000000000000e+00 -0.000000000000000000e+00 0.000000000000000000e+00 -0.000000000000000000e+00 -0.000000000000000000e+00 -0.000000000000000000e+00 -0.000000000000000000e+00
-0.000000000000000000e+00 -0.000000000000000000e+00 0.000000000000000000e+00 0.000000000000000000e+00 0.000000000000000000e+00 -0.000000000000000000e+00 0.000000000000000000e+00 0.000000000000000000e+00 0.000000000000000000e+00 0.000000000000000000e+00
-0.000000000000000000e+00 -0.000000000000000000e+00 0.000000000000000000e+00 0.000000000000000000e+00 0.000000000000000000e+00 -0.000000000000000000e+00 0.000000000000000000e+00 0.000000000000000000e+00 -0.000000000000000000e+00 0.000000000000000000e+00
-0.000000000000000000e+00 0.000000000000000000e+00 -0.000000000000000000e+00 -0.000000000000000000e+00 -0.000000000000000000e+00 -0.000000000000000000e+00 -0.000000000000000000e+00 -0.000000000000000000e+00 -0.000000000000000000e+00 -0.000000000000000000e+00
-0.000000000000000000e+00 -0.000000000000000000e+00 0.000000000000000000e+00 0.000000000000000000e+00 0.000000000000000000e+00 0.000000000000000000e+00 0.000000000000000000e+00 0.000000000000000000e+00 -0.000000000000000000e+00 0.000000000000000000e+00
-0.000000000000000000e+00 -0.000000000000000000e+00 0.000000000000000000e+00 0.000000000000000000e+00 0.000000000000000000e+00 0.000000000000000000e+00 0.000000000000000000e+00 0.000000000000000000e+00 0.000000000000000000e+00 0.000000000000000000e+00
0.000000000000000000e+00 0.000000000000000000e+00 -0.000000000000000000e+00 -0.000000000000000000e+00 -0.000000000000000000e+00 0.000000000000000000e+00 -0.000000000000000000e+00 -0.000000000000000000e+00 -0.000000000000000000e+00 -0.000000000000000000e+00
-0.000000000000000000e+00 -0.000000000000000000e+00 0.000000000000000000e+00 0.000000000000000000e+00 0.000000000000000000e+00 -0.000000000000000000e+00 0.000000000000000000e+00 0.000000000000000000e+00 0.000000000000000000e+00 0.000000000000000000e+00
0.000000000000000000e+00 0.000000000000000000e+00 -0.000000000000000000e+00 -0.000000000000000000e+00 -0.000000000000000000e+00 -0.000000000000000000e+00 -0.000000000000000000e+00 -0.000000000000000000e+00 -0.000000000000000000e+00 -0.000000000000000000e+00
0.000000000000000000e+00 0.000000000000000000e+00 -0.000000000000000000e+00 -0.000000000000000000e+00 -0.000000000000000000e+00 -0.000000000000000000e+00 -0.000000000000000000e+00 -0.000000000000000000e+00 -0.000000000000000000e+00 -0.000000000000000000e+00
0.000000000000000000e+00 0.000000000000000000e+00 -0.000000000000000000e+00 -0.000000000000000000e+00 -0.000000000000000000e+00 -0.000000000000000000e+00 -0.000000000000000000e+00 -0.000000000000000000e+00 -0.000000000000000000e+00 -0.000000000000000000e+00
0.000000000000000000e+00 0.000000000000000000e+00 -0.000000000000000000e+00 -0.000000000000000000e+00 -0.000000000000000000e+00 -0.000000000000000000e+00 -0.000000000000000000e+00 -0.000000000000000000e+00 -0.000000000000000000e+00 -0.000000000000000000e+00
0.000000000000000000e+00 0.000000000000000000e+00 -0.000000000000000000e+00 -0.000000000000000000e+00 -0.000000000000000000e+00 0.000000000000000000e+00 -0.000000000000000000e+00 -0.000000000000000000e+00 -0.000000000000000000e+00 -0.000000000000000000e+00
0.000000000000000000e+00 0.000000000000000000e+00 -0.000000000000000000e+00 -0.000000000000000000e+00 -0.000000000000000000e+00 -0.000000000000000000e+00 -0.000000000000000000e+00 -0.000000000000000000e+00 -0.000000000000000000e+00 -0.000000000000000000e+00
0.000000000000000000e+00 0.000000000000000000e+00 -0.000000000000000000e+00 -0.000000000000000000e+00 -0.000000000000000000e+00 -0.000000000000000000e+00 -0.000000000000000000e+00 -0.000000000000000000e+00 -0.000000000000000000e+00 -0.000000000000000000e+00
0.000000000000000000e+00 0.000000000000000000e+00 -0.000000000000000000e+00 -0.000000000000000000e+00 -0.000000000000000000e+00 -0.000000000000000000e+00 -0.000000000000000000e+00 -0.000000000000000000e+00 -0.000000000000000000e+00 -0.000000000000000000e+00
0.000000000000000000e+00 0.000000000000000000e+00 -0.000000000000000000e+00 -0.000000000000000000e+00 -0.000000000000000000e+00 -0.000000000000000000e+00 -0.000000000000000000e+00 -0.000000000000000000e+00 -0.000000000000000000e+00 -0.000000000000000000e+00
0.000000000000000000e+00 0.000000000000000000e+00 -0.000000000000000000e+00 -0.000000000000000000e+00 -0.000000000000000000e+00 0.000000000000000000e+00 -0.000000000000000000e+00 -0.000000000000000000e+00 -0.000000000000000000e+00 -0.000000000000000000e+00
0.000000000000000000e+00 0.000000000000000000e+00 -0.000000000000000000e+00 -0.000000000000000000e+00 -0.000000000000000000e+00 0.000000000000000000e+00 -0.000000000000000000e+00 -0.000000000000000000e+00 -0.000000000000000000e+00 -0.000000000000000000e+00
0.000000000000000000e+00 0.000000000000000000e+00 -0.000000000000000000e+00 -0.000000000000000000e+00 -0.000000000000000000e+00 0.000000000000000000e+00 -0.000000000000000000e+00 -0.000000000000000000e+00 -0.000000000000000000e+00 -0.000000000000000000e+00
0.000000000000000000e+00 0.000000000000000000e+00 -0.000000000000000000e+00 -0.000000000000000000e+00 -0.000000000000000000e+00 0.000000000000000000e+00 -0.000000000000000000e+00 -0.000000000000000000e+00 -0.000000000000000000e+00 -0.000000000000000000e+00
0.000000000000000000e+00 0.000000000000000000e+00 -0.000000000000000000e+00 -0.000000000000000000e+00 -0.000000000000000000e+00 0.000000000000000000e+00 -0.000000000000000000e+00 -0.000000000000000000e+00 -0.000000000000000000e+00 -0.000000000000000000e+00
0.000000000000000000e+00 0.000000000000000000e+00 -0.000000000000000000e+00 -0.000000000000000000e+00 -0.000000000000000000e+00 0.000000000000000000e+00 -0.000000000000000000e+00 -0.000000000000000000e+00 -0.000000000000000000e+00 -0.000000000000000000e+00
0.000000000000000000e+00 0.000000000000000000e+00 -0.000000000000000000e+00 -0.000000000000000000e+00 -0.000000000000000000e+00 0.000000000000000000e+00 -0.000000000000000000e+00 -0.000000000000000000e+00 -0.000000000000000000e+00 -0.000000000000000000e+00
0.000000000000000000e+00 0.000000000000000000e+00 -0.000000000000000000e+00 -0.000000000000000000e+00 -0.000000000000000000e+00 0.000000000000000000e+00 -0.000000000000000000e+00 -0.000000000000000000e+00 -0.000000000000000000e+00 -0.000000000000000000e+00
0.000000000000000000e+00 0.000000000000000000e+00 -0.000000000000000000e+00 -0.000000000000000000e+00 -0.000000000000000000e+00 0.000000000000000000e+00 -0.000000000000000000e+00 -0.000000000000000000e+00 -0.000000000000000000e+00 -0.000000000000000000e+00
-0.000000000000000000e+00 0.000000000000000000e+00 -0.000000000000000000e+00 -0.000000000000000000e+00 -0.000000000000000000e+00 0.000000000000000000e+00 -0.000000000000000000e+00 -0.000000000000000000e+00 0.000000000000000000e+00 -0.000000000000000000e+00
0.000000000000000000e+00 0.000000000000000000e+00 -0.000000000000000000e+00 -0.000000000000000000e+00 -0.000000000000000000e+00 0.000000000000000000e+00 -0.000000000000000000e+00 -0.000000000000000000e+00 -0.000000000000000000e+00 -0.000000000000000000e+00
0.000000000000000000e+00 0.000000000000000000e+00 -0.000000000000000000e+00 -0.000000000000000000e+00 -0.000000000000000000e+00 -0.000000000000000000e+00 -0.000000000000000000e+00 -0.000000000000000000e+00 -0.000000000000000000e+00 -0.000000000000000000e+00
0.000000000000000000e+00 0.000000000000000000e+00 -0.000000000000000000e+00 -0.000000000000000000e+00 -0.000000000000000000e+00 -0.000000000000000000e+00 -0.000000000000000000e+00 -0.000000000000000000e+00 -0.000000000000000000e+00 -0.000000000000000000e+00
0.000000000000000000e+00 0.000000000000000000e+00 -0.000000000000000000e+00 -0.000000000000000000e+00 -0.000000000000000000e+00 -0.000000000000000000e+00 -0.000000000000000000e+00 -0.000000000000000000e+00 -0.000000000000000000e+00 -0.000000000000000000e+00
0.000000000000000000e+00 0.000000000000000000e+00 -0.000000000000000000e+00 -0.000000000000000000e+00 -0.000000000000000000e+00 0.000000000000000000e+00 -0.000000000000000000e+00 -0.000000000000000000e+00 -0.000000000000000000e+00 -0.000000000000000000e+00
0.000000000000000000e+00 0.000000000000000000e+00 -0.000000000000000000e+00 -0.000000000000000000e+00 -0.000000000000000000e+00 -0.000000000000000000e+00 -0.000000000000000000e+00 -0.000000000000000000e+00 -0.000000000000000000e+00 -0.000000000000000000e+00
0.000000000000000000e+00 0.000000000000000000e+00 -0.000000000000000000e+00 -0.000000000000000000e+00 -0.000000000000000000e+00 -0.000000000000000000e+00 -0.000000000000000000e+00 -0.000000000000000000e+00 -0.000000000000000000e+00 -0.000000000000000000e+00
0.000000000000000000e+00 0.000000000000000000e+00 -0.000000000000000000e+00 -0.000000000000000000e+00 -0.000000000000000000e+00 -0.000000000000000000e+00 -0.000000000000000000e+00 -0.000000000000000000e+00 -0.000000000000000000e+00 -0.000000000000000000e+00
0.000000000000000000e+00 0.000000000000000000e+00 -0.000000000000000000e+00 -0.000000000000000000e+00 -0.000000000000000000e+00 -0.000000000000000000e+00 -0.000000000000000000e+00 -0.000000000000000000e+00 -0.000000000000000000e+00 -0.000000000000000000e+00
0.000000000000000000e+00 0.000000000000000000e+00 -0.000000000000000000e+00 -0.000000000000000000e+00 -0.000000000000000000e+00 -0.000000000000000000e+00 -0.000000000000000000e+00 -0.000000000000000000e+00 -0.000000000000000000e+00 -0.000000000000000000e+00
0.000000000000000000e+00 0.000000000000000000e+00 -0.000000000000000000e+00 -0.000000000000000000e+00 -0.000000000000000000e+00 -0.000000000000000000e+00 -0.000000000000000000e+00 -0.000000000000000000e+00 -0.000000000000000000e+00 -0.000000000000000000e+00
0.000000000000000000e+00 0.000000000000000000e+00 -0.000000000000000000e+00 -0.000000000000000000e+00 -0.000000000000000000e+00 0.000000000000000000e+00 -0.000000000000000000e+00 -0.000000000000000000e+00 -0.000000000000000000e+00 -0.000000000000000000e+00
0.000000000000000000e+00 0.000000000000000000e+00 -0.000000000000000000e+00 -0.000000000000000000e+00 -0.000000000000000000e+00 0.000000000000000000e+00 -0.000000000000000000e+00 -0.000000000000000000e+00 -0.000000000000000000e+00 -0.000000000000000000e+00
0.000000000000000000e+00 0.000000000000000000e+00 -0.000000000000000000e+00 -0.000000000000000000e+00 -0.000000000000000000e+00 0.000000000000000000e+00 -0.000000000000000000e+00 -0.000000000000000000e+00 -0.000000000000000000e+00 -0.000000000000000000e+00
0.000000000000000000e+00 0.000000000000000000e+00 -0.000000000000000000e+00 -0.000000000000000000e+00 -0.000000000000000000e+00 0.000000000000000000e+00 -0.000000000000000000e+00 -0.000000000000000000e+00 -0.000000000000000000e+00 -0.000000000000000000e+00
0.000000000000000000e+00 0.000000000000000000e+00 -0.000000000000000000e+00 -0.000000000000000000e+00 -0.000000000000000000e+00 0.000000000000000000e+00 -0.000000000000000000e+00 -0.000000000000000000e+00 -0.000000000000000000e+00 -0.000000000000000000e+00
0.000000000000000000e+00 0.000000000000000000e+00 -0.000000000000000000e+00 -0.000000000000000000e+00 -0.000000000000000000e+00 0.000000000000000000e+00 -0.000000000000000000e+00 -0.000000000000000000e+00 -0.000000000000000000e+00 -0.000000000000000000e+00
0.000000000000000000e+00 0.000000000000000000e+00 -0.000000000000000000e+00 -0.000000000000000000e+00 -0.000000000000000000e+00 0.000000000000000000e+00 -0.000000000000000000e+00 -0.000000000000000000e+00 -0.000000000000000000e+00 -0.000000000000000000e+00
0.000000000000000000e+00 0.000000000000000000e+00 -0.000000000000000000e+00 -0.000000000000000000e+00 -0.000000000000000000e+00 0.000000000000000000e+00 -0.000000000000000000e+00 -0.000000000000000000e+00 -0.000000000000000000e+00 -0.000000000000000000e+00
0.000000000000000000e+00 0.000000000000000000e+00 -0.000000000000000000e+00 -0.000000000000000000e+00 -0.000000000000000000e+00 0.000000000000000000e+00 -0.000000000000000000e+00 -0.000000000000000000e+00 -0.000000000000000000e+00 -0.000000000000000000e+00
0.000000000000000000e+00 0.000000000000000000e+00 -0.000000000000000000e+00 -0.000000000000000000e+00 -0.000000000000000000e+00 0.000000000000000000e+00 -0.000000000000000000e+00 -0.000000000000000000e+00 -0.000000000000000000e+00 -0.000000000000000000e+00
0.000000000000000000e+00 0.000000000000000000e+00 -0.000000000000000000e+00 -0.000000000000000000e+00 -0.000000000000000000e+00 0.000000000000000000e+00 -0.000000000000000000e+00 -0.000000000000000000e+00 -0.000000000000000000e+00 -0.000000000000000000e+00
0.000000000000000000e+00 0.000000000000000000e+00 -0.000000000000000000e+00 -0.000000000000000000e+00 -0.000000000000000000e+00 0.000000000000000000e+00 -0.000000000000000000e+00 -0.000000000000000000e+00 -0.000000000000000000e+00 -0.000000000000000000e+00
0.000000000000000000e+00 0.000000000000000000e+00 -0.000000000000000000e+00 -0.000000000000000000e+00 -0.000000000000000000e+00 0.000000000000000000e+00 -0.000000000000000000e+00 -0.000000000000000000e+00 -0.000000000000000000e+00 -0.000000000000000000e+00
0.000000000000000000e+00 0.000000000000000000e+00 -0.000000000000000000e+00 -0.000000000000000000e+00 -0.000000000000000000e+00 0.000000000000000000e+00 -0.000000000000000000e+00 -0.000000000000000000e+00 -0.000000000000000000e+00 -0.000000000000000000e+00
0.000000000000000000e+00 0.000000000000000000e+00 -0.000000000000000000e+00 -0.000000000000000000e+00 -0.000000000000000000e+00 0.000000000000000000e+00 -0.000000000000000000e+00 -0.000000000000000000e+00 -0.000000000000000000e+00 -0.000000000000000000e+00
0.000000000000000000e+00 0.000000000000000000e+00 -0.000000000000000000e+00 -0.000000000000000000e+00 -0.000000000000000000e+00 0.000000000000000000e+00 -0.000000000000000000e+00 -0.000000000000000000e+00 -0.000000000000000000e+00 -0.000000000000000000e+00
0.000000000000000000e+00 0.000000000000000000e+00 -0.000000000000000000e+00 -0.000000000000000000e+00 -0.000000000000000000e+00 0.000000000000000000e+00 -0.000000000000000000e+00 -0.000000000000000000e+00 -0.000000000000000000e+00 -0.000000000000000000e+00
0.000000000000000000e+00 0.000000000000000000e+00 -0.000000000000000000e+00 -0.000000000000000000e+00 -0.000000000000000000e+00 0.000000000000000000e+00 -0.000000000000000000e+00 -0.000000000000000000e+00 -0.000000000000000000e+00 -0.000000000000000000e+00
0.000000000000000000e+00 0.000000000000000000e+00 -0.000000000000000000e+00 -0.000000000000000000e+00 -0.000000000000000000e+00 0.000000000000000000e+00 -0.000000000000000000e+00 -0.000000000000000000e+00 -0.000000000000000000e+00 -0.000000000000000000e+00
0.000000000000000000e+00 0.000000000000000000e+00 -0.000000000000000000e+00 -0.000000000000000000e+00 -0.000000000000000000e+00 0.000000000000000000e+00 -0.000000000000000000e+00 -0.000000000000000000e+00 -0.000000000000000000e+00 -0.000000000000000000e+00
0.000000000000000000e+00 0.000000000000000000e+00 -0.000000000000000000e+00 -0.000000000000000000e+00 -0.000000000000000000e+00 -0.000000000000000000e+00 -0.000000000000000000e+00 -0.000000000000000000e+00 -0.000000000000000000e+00 -0.000000000000000000e+00
0.000000000000000000e+00 0.000000000000000000e+00 -0.000000000000000000e+00 -0.000000000000000000e+00 -0.000000000000000000e+00 -0.000000000000000000e+00 -0.000000000000000000e+00 -0.000000000000000000e+00 -0.000000000000000000e+00 -0.000000000000000000e+00
0.000000000000000000e+00 0.000000000000000000e+00 -0.000000000000000000e+00 -0.000000000000000000e+00 -0.000000000000000000e+00 -0.000000000000000000e+00 -0.000000000000000000e+00 -0.000000000000000000e+00 -0.000000000000000000e+00 -0.000000000000000000e+00
0.000000000000000000e+00 0.000000000000000000e+00 -0.000000000000000000e+00 -0.000000000000000000e+00 -0.000000000000000000e+00 -0.000000000000000000e+00 -0.000000000000000000e+00 -0.000000000000000000e+00 -0.000000000000000000e+00 -0.000000000000000000e+00
0.000000000000000000e+00 0.000000000000000000e+00 -0.000000000000000000e+00 -0.000000000000000000e+00 -0.000000000000000000e+00 -0.000000000000000000e+00 -0.000000000000000000e+00 -0.000000000000000000e+00 -0.000000000000000000e+00 -0.000000000000000000e+00
0.000000000000000000e+00 0.000000000000000000e+00 -0.000000000000000000e+00 -0.000000000000000000e+00 -0.000000000000000000e+00 -0.000000000000000000e+00 -0.000000000000000000e+00 -0.000000000000000000e+00 -0.000000000000000000e+00 -0.000000000000000000e+00
0.000000000000000000e+00 0.000000000000000000e+00 -0.000000000000000000e+00 -0.000000000000000000e+00 -0.000000000000000000e+00 -0.000000000000000000e+00 -0.000000000000000000e+00 -0.000000000000000000e+00 -0.000000000000000000e+00 -0.000000000000000000e+00
0.000000000000000000e+00 0.000000000000000000e+00 -0.000000000000000000e+00 -0.000000000000000000e+00 -0.000000000000000000e+00 -0.000000000000000000e+00 -0.000000000000000000e+00 -0.000000000000000000e+00 -0.000000000000000000e+00 -0.000000000000000000e+00
0.000000000000000000e+00 0.000000000000000000e+00 -0.000000000000000000e+00 -0.000000000000000000e+00 -0.000000000000000000e+00 -0.000000000000000000e+00 -0.000000000000000000e+00 -0.000000000000000000e+00 -0.000000000000000000e+00 -0.000000000000000000e+00
0.000000000000000000e+00 0.000000000000000000e+00 -0.000000000000000000e+00 -0.000000000000000000e+00 -0.000000000000000000e+00 -0.000000000000000000e+00 -0.000000000000000000e+00 -0.000000000000000000e+00 -0.000000000000000000e+00 -0.000000000000000000e+00
3.275213805943918012e-05 6.084099222270928237e-05 -9.733545629397827119e-05 1.490811648480613027e-05 1.576147709478932789e-05 5.670315549604852126e-05 2.286084400220485819e-06 -5.068100080299329683e-05 3.952172641039924944e-05 2.753011614585465929e-06
1.893776554956854338e-05 5.716061259865297232e-05 -9.829930157625230808e-05 9.403184150038220162e-06 -8.528665690280765190e-06 4.238193991307213687e-05 6.425420986630454276e-06 -6.254301539813368301e-05 1.996402259446168230e-05 -1.312071381337714357e-05
3.648513776074781029e-05 6.695474497623488564e-05 -1.493516981029124056e-04 2.412084065223662037e-05 4.466407349936770584e-06 8.419394503553208700e-05 -1.051557593825691771e-06 -1.097470251045901373e-04 3.309171093032813542e-05 -2.620340366282493689e-05
9.652276262887900140e-06 2.427420467045500051e-05 3.718660692929960985e-05 2.273930186268474768e-05 8.375626452512221720e-06 2.095693983552390663e-05 1.468323207890077801e-05 1.567477505333954445e-05 2.974121040904240831e-05 5.794050010631642489e-06
1.198267320394497193e-05 2.889868580522633233e-05 3.687573380243924461e-05 3.271935987820501841e-05 3.193070294965857947e-05 2.577000601585210506e-05 2.647367647406502958e-05 5.289084467453765442e-05 1.470078432909052764e-05 4.180498014998859868e-05
-1.024965502147645909e-05 -2.763819141498508102e-05 3.445691691880249694e-06 -3.200960329210539694e-06 -3.643322282960803086e-06 5.632499623401894131e-06 -9.225375355340354063e-08 -1.246294569420924560e-05 -9.125191599942119190e-06 -1.783300642832160338e-05
2.926058146940819731e-05 8.431561305246788906e-05 -9.915575474525489580e-05 2.469668312979209218e-05 1.535550426224537124e-05 5.536959426895073099e-05 2.536200042106430183e-05 -3.766631582065080156e-05 4.199026679589241534e-05 7.901344578530494810e-06
-3.417394082336771167e-05 -1.112767589353691900e-04 2.892973710747495327e-04 -1.190254521318509912e-05 3.526256048893654905e-05 -1.000094461866218268e-04 1.072921801405527486e-05 1.937341512851160387e-04 -4.833826915230784657e-05 3.538990652482508476e-05
2.750069228827858400e-05 5.274771793698839817e-05 -5.123519911716894028e-05 1.973510677556972607e-05 1.269422162814884279e-05 5.675060712210649181e-05 7.689302214781727551e-06 -4.547458180587603103e-05 3.502062094507140977e-05 -1.010622830234543557e-05
-4.500969697360511896e-06 -1.439633975301174265e-05 9.346549341279293728e-05 1.615267530586900842e-05 1.097719727449425111e-05 -1.034034322175055833e-05 1.908962126866382630e-05 9.109855879834094722e-05 4.013841052553352495e-07 5.152746128373474380e-05
2.193345040302734214e-05 1.399606934510796515e-05 2.254674292699194305e-05 2.187147724846517122e-05 1.777134841102498574e-05 1.959467544639165434e-05 2.787524358749389833e-05 2.866019787437659611e-05 2.024335481174891995e-05 2.731436424474463604e-05
2.111739509228069742e-05 5.503306498841594955e-06 2.891158567089008275e-05 1.725341815806808013e-05 2.253525573019762483e-05 1.998055399886826294e-05 3.063348174232812692e-05 2.131117933080514586e-05 1.896406608021014806e-05 1.366463895544142652e-05
8.374700303375664601e-06 1.095637814525489726e-05 2.790550809362509711e-05 2.253839667125193000e-05 9.473505911511441845e-06 2.185855621277613397e-05 2.052198221834670484e-05 3.080182949714988774e-05 1.489551091992002289e-05 1.262806969651517437e-05
1.158913881574324474e-05 9.627384083252982802e-06 2.865828766612624990e-05 2.480608419351687657e-05 2.035866745651719419e-05 2.290045006108726256e-05 2.163456346955687829e-05 3.614480443040362148e-05 6.014763286936354699e-06 1.823520263648279962e-05
7.109922715814163646e-06 2.234971404935246153e-05 3.272679810659253122e-05 1.710903550640034912e-05 2.267544741825028854e-05 1.598033034484985958e-05 2.228442834557269110e-05 2.927678903118068263e-05 1.464517184695630838e-05 1.270546561701885141e-05
1.442406752895580854e-05 1.691678678280356585e-05 2.931924028116050291e-05 1.676924607579213320e-05 2.309371298947522367e-05 2.057962497479644691e-05 2.945565980891441251e-05 2.801036360157727406e-05 9.501744876466499757e-06 2.668108730748129008e-05
9.260098664994532611e-06 1.704555459267869991e-05 2.421894757244272262e-05 1.353757799531404985e-05 1.794497293041254145e-05 1.540660963268314924e-05 2.323084741793344889e-05 2.937447699633507662e-05 1.608090467776535735e-05 1.443754122743292107e-05
1.111912287781923911e-05 1.723262559029185013e-05 3.263858936918395123e-05 2.292439943190227347e-05 1.903161743619172439e-05 1.391585536443658144e-05 2.987767251155619419e-05 2.404810594710379612e-05 1.024614389397270036e-05 1.846132511948420630e-05
1.721494771481521605e-05 6.073521075117083526e-06 2.381812739408545199e-05 1.838714689931563039e-05 1.154889469979945851e-05 1.972043434850450784e-05 2.583515592140671566e-05 3.223431926330251184e-05 1.204326443991629211e-05 1.319236116796444564e-05
7.279599179334382591e-06 1.416285974855281484e-05 3.369483033182493694e-05 2.078416263234264427e-05 1.435368950265054135e-05 1.472890543793573831e-05 2.789402406002577576e-05 2.358350084777928706e-05 5.053682107085685000e-06 2.506031699815162953e-05
-6.691363262854978896e-07 -2.314824360072153772e-06 5.110454256762563968e-06 1.902719171311909657e-07 8.114204499334261092e-07 -1.072409809617402104e-06 7.875777353922603273e-07 3.280920862015578925e-06 -6.026677767277512945e-07 5.120376136972457531e-07
-7.226911720159327273e-07 -2.494791036622550489e-06 5.535952028667676329e-06 2.177582315373084160e-07 8.893210345347676510e-07 -1.133351853958257021e-06 8.710549363318250707e-07 3.552024470733870273e-06 -6.349744209395911162e-07 5.699254807311914877e-07
-6.803374259783309875e-07 -2.356856505961411959e-06 5.225608367999320959e-06 2.009769967880844030e-07 8.357928939358554235e-07 -1.081997960733929047e-06 8.148652163121345534e-07 3.355389838493471098e-06 -6.059799621076883262e-07 5.327695392207960196e-07
-6.668706126558404968e-07 -2.311520049826628354e-06 5.092996821517197041e-06 1.843158744185044874e-07 8.040709940452519730e-07 -1.082844584819854816e-06 7.761778428658259213e-07 3.271473126892858768e-06 -6.083113625151904157e-07 5.043004929076141935e-07
-6.587389201211459156e-07 -2.279599236899828444e-06 5.051150027617396501e-06 1.943596539626673837e-07 8.071827237858982220e-07 -1.047946761593205191e-06 7.868814774112204935e-07 3.243293537100113887e-06 -5.866840991077347057e-07 5.149716715087742423e-07
-6.653311388461327512e-07 -2.304895913583473190e-06 5.095489389772841446e-06 1.910896583006938667e-07 8.103805732734122250e-07 -1.067238397503496052e-06 7.868825546162764656e-07 3.272206493969798866e-06 -5.986928680985623921e-07 5.128554158552139542e-07
-6.531296289738354204e-07 -2.258812421251128258e-06 5.004070504764269169e-06 1.930866705558102428e-07 7.989007111663490374e-07 -1.041434819528567498e-06 7.786061313321811783e-07 3.213857971644692822e-06 -5.821236122113908369e-07 5.110111805038224631e-07
-6.969058657738403475e-07 -2.410210121328205358e-06 5.321059731425693673e-06 1.987165841054658374e-07 8.452566459162387608e-07 -1.115507642119530891e-06 8.208021521680349410e-07 3.415976005522569016e-06 -6.269021750570562821e-07 5.335512087525408082e-07
-6.643053850919591762e-07 -2.301001711417087107e-06 5.092690338704889660e-06 1.934021114613511384e-07 8.107625028974974353e-07 -1.066411159185774019e-06 7.880623450336321978e-07 3.271644684245207604e-06 -5.966165550388619264e-07 5.161748518744736022e-07
-6.619079392977083282e-07 -2.288148304077206683e-06 5.056886813546989466e-06 1.911625927957664947e-07 8.047503630780133719e-07 -1.056292953079615706e-06 7.830454912438534957e-07 3.246604539705753803e-06 -5.931824471282647741e-07 5.100784429626795584e-07
-2.559293767036661011e-06 -6.294259007321006091e-06 2.177062011577603358e-05 3.998513677754450003e-06 6.261451595415422184e-06 2.943986193391545103e-06 9.013289701083665228e-06 1.500072009206211361e-05 -1.909937916971174122e-06 7.056103093259865662e-06
-4.235214559159071621e-06 -7.708391642335462880e-06 2.486072173148943512e-05 5.370534890472586587e-06 4.315003398768600261e-06 1.643900591060787289e-06 6.238816152500679932e-06 1.688938963197507447e-05 2.848196458402145584e-06 4.506238731734481901e-06
-3.182288873186970014e-06 -8.158703828403682598e-06 2.459997065122974445e-05 3.821885727037306922e-06 5.801911701884341652e-06 -1.694613996895951424e-06 7.353056606956028602e-06 1.339886140427258443e-05 6.228209085281047397e-07 5.226702853957413566e-06
-5.380261843666130154e-06 -8.757507066223401993e-06 2.167279456366150744e-05 1.750087821815019502e-06 5.618652405106994792e-06 -1.013165569030968828e-06 6.523916757581472055e-06 1.242168041621186339e-05 1.617701062420021643e-06 6.846100056917809085e-06
-2.741846213600937667e-06 -1.005547444319552342e-05 2.333124713524864049e-05 4.264278098454281499e-06 6.575878760458106798e-06 -2.095645227706710980e-07 5.315925132370361245e-06 1.223122537422623469e-05 2.770980304772098846e-06 3.842529685838827799e-06
-3.807907283026624205e-06 -7.669321401700677951e-06 2.456289842711799955e-05 1.498776002806084550e-06 2.828079422526811901e-06 6.259247241869366969e-07 7.797272176920756734e-06 1.648260525374147640e-05 -1.556681521202130488e-06 5.408238813559315577e-06
-4.848960259715141041e-06 -9.708670230889799332e-06 2.508553503665461696e-05 1.498263056358798860e-06 4.525681121917596033e-06 1.967416921933711389e-06 9.894963296430289319e-06 1.664131484251264517e-05 1.704795272743636874e-06 5.523659742076055109e-06
-4.485429318651822470e-06 -8.775962012478116399e-06 2.442301646407588420e-05 2.261211064897617283e-06 5.280366717243448866e-06 1.006931335060142201e-06 5.584773027965936013e-06 1.378709735332037044e-05 1.632225937040959314e-06 5.409579802182950700e-06
-1.757288040603611049e-06 -1.043843759642101041e-05 2.260048454266589570e-05 5.196550842046386613e-06 7.727177093332369926e-06 2.873474470895555259e-06 7.715651772252017345e-06 1.373142713218827944e-05 3.033093996840698041e-06 8.335853877157097053e-06
-1.723629114477896040e-06 -8.768777178423492566e-06 2.421716342472921265e-05 1.785065037846191611e-06 6.911119507172945837e-06 -9.475480076538005994e-07 6.993905668574315324e-06 1.318463057328801893e-05 -1.696465002012189517e-06 7.460118331656381556e-06
-0.000000000000000000e+00 -0.000000000000000000e+00 0.000000000000000000e+00 0.000000000000000000e+00 0.000000000000000000e+00 0.000000000000000000e+00 0.000000000000000000e+00 0.000000000000000000e+00 0.000000000000000000e+00 0.000000000000000000e+00
-0.000000000000000000e+00 -0.000000000000000000e+00 0.000000000000000000e+00 0.000000000000000000e+00 0.000000000000000000e+00 0.000000000000000000e+00 0.000000000000000000e+00 0.000000000000000000e+00 0.000000000000000000e+00 0.000000000000000000e+00
-0.000000000000000000e+00 -0.000000000000000000e+00 0.000000000000000000e+00 0.000000000000000000e+00 0.000000000000000000e+00 0.000000000000000000e+00 0.000000000000000000e+00 0.000000000000000000e+00 0.000000000000000000e+00 0.000000000000000000e+00
-0.000000000000000000e+00 -0.000000000000000000e+00 0.000000000000000000e+00 0.000000000000000000e+00 0.000000000000000000e+00 0.000000000000000000e+00 0.000000000000000000e+00 0.000000000000000000e+00 0.000000000000000000e+00 0.000000000000000000e+00
-0.000000000000000000e+00 -0.000000000000000000e+00 0.000000000000000000e+00 0.000000000000000000e+00 0.000000000000000000e+00 0.000000000000000000e+00 0.000000000000000000e+00 0.000000000000000000e+00 0.000000000000000000e+00 0.000000000000000000e+00
-0.000000000000000000e+00 -0.000000000000000000e+00 0.000000000000000000e+00 0.000000000000000000e+00 0.000000000000000000e+00 0.000000000000000000e+00 0.000000000000000000e+00 0.000000000000000000e+00 0.000000000000000000e+00 0.000000000000000000e+00
-0.000000000000000000e+00 -0.000000000000000000e+00 0.000000000000000000e+00 0.000000000000000000e+00 0.000000000000000000e+00 0.000000000000000000e+00 0.000000000000000000e+00 0.000000000000000000e+00 0.000000000000000000e+00 0.000000000000000000e+00
-0.000000000000000000e+00 -0.000000000000000000e+00 0.000000000000000000e+00 0.000000000000000000e+00 0.000000000000000000e+00 0.000000000000000000e+00 0.000000000000000000e+00 0.000000000000000000e+00 0.000000000000000000e+00 0.000000000000000000e+00
-0.000000000000000000e+00 -0.000000000000000000e+00 0.000000000000000000e+00 0.000000000000000000e+00 0.000000000000000000e+00 0.000000000000000000e+00 0.000000000000000000e+00 0.000000000000000000e+00 0.000000000000000000e+00 0.000000000000000000e+00
-0.000000000000000000e+00 -0.000000000000000000e+00 0.000000000000000000e+00 0.000000000000000000e+00 0.000000000000000000e+00 0.000000000000000000e+00 0.000000000000000000e+00 0.000000000000000000e+00 0.000000000000000000e+00 0.000000000000000000e+00
-0.000000000000000000e+00 -0.000000000000000000e+00 0.000000000000000000e+00 0.000000000000000000e+00 0.000000000000000000e+00 0.000000000000000000e+00 0.000000000000000000e+00 -0.000000000000000000e+00 0.000000000000000000e+00 0.000000000000000000e+00
-0.000000000000000000e+00 -0.000000000000000000e+00 -0.000000000000000000e+00 0.000000000000000000e+00 0.000000000000000000e+00 0.000000000000000000e+00 0.000000000000000000e+00 -0.000000000000000000e+00 0.000000000000000000e+00 0.000000000000000000e+00
0.000000000000000000e+00 0.000000000000000000e+00 0.000000000000000000e+00 -0.000000000000000000e+00 0.000000000000000000e+00 -0.000000000000000000e+00 -0.000000000000000000e+00 0.000000000000000000e+00 -0.000000000000000000e+00 -0.000000000000000000e+00
0.000000000000000000e+00 0.000000000000000000e+00 0.000000000000000000e+00 -0.000000000000000000e+00 -0.000000000000000000e+00 -0.000000000000000000e+00 -0.000000000000000000e+00 0.000000000000000000e+00 -0.000000000000000000e+00 -0.000000000000000000e+00
0.000000000000000000e+00 0.000000000000000000e+00 0.000000000000000000e+00 -0.000000000000000000e+00 -0.000000000000000000e+00 -0.000000000000000000e+00 -0.000000000000000000e+00 0.000000000000000000e+00 -0.000000000000000000e+00 -0.000000000000000000e+00
0.000000000000000000e+00 0.000000000000000000e+00 0.000000000000000000e+00 -0.000000000000000000e+00 0.000000000000000000e+00 -0.000000000000000000e+00 -0.000000000000000000e+00 0.000000000000000000e+00 -0.000000000000000000e+00 -0.000000000000000000e+00
0.000000000000000000e+00 0.000000000000000000e+00 -0.000000000000000000e+00 -0.000000000000000000e+00 -0.000000000000000000e+00 -0.000000000000000000e+00 -0.000000000000000000e+00 0.000000000000000000e+00 -0.000000000000000000e+00 -0.000000000000000000e+00
-0.000000000000000000e+00 -0.000000000000000000e+00 0.000000000000000000e+00 0.000000000000000000e+00 0.000000000000000000e+00 0.000000000000000000e+00 0.000000000000000000e+00 0.000000000000000000e+00 0.000000000000000000e+00 0.000000000000000000e+00
-0.000000000000000000e+00 -0.000000000000000000e+00 0.000000000000000000e+00 0.000000000000000000e+00 0.000000000000000000e+00 0.000000000000000000e+00 0.000000000000000000e+00 0.000000000000000000e+00 0.000000000000000000e+00 0.000000000000000000e+00
0.000000000000000000e+00 0.000000000000000000e+00 0.000000000000000000e+00 -0.000000000000000000e+00 -0.000000000000000000e+00 -0.000000000000000000e+00 -0.000000000000000000e+00 0.000000000000000000e+00 -0.000000000000000000e+00 -0.000000000000000000e+00
-0.000000000000000000e+00 -0.000000000000000000e+00 0.000000000000000000e+00 0.000000000000000000e+00 0.000000000000000000e+00 -0.000000000000000000e+00 0.000000000000000000e+00 0.000000000000000000e+00 0.000000000000000000e+00 0.000000000000000000e+00
0.000000000000000000e+00 -0.000000000000000000e+00 0.000000000000000000e+00 -0.000000000000000000e+00 0.000000000000000000e+00 -0.000000000000000000e+00 0.000000000000000000e+00 0.000000000000000000e+00 -0.000000000000000000e+00 0.000000000000000000e+00
0.000000000000000000e+00 -0.000000000000000000e+00 0.000000000000000000e+00 -0.000000000000000000e+00 0.000000000000000000e+00 -0.000000000000000000e+00 0.000000000000000000e+00 0.000000000000000000e+00 0.000000000000000000e+00 0.000000000000000000e+00
-0.000000000000000000e+00 -0.000000000000000000e+00 0.000000000000000000e+00 0.000000000000000000e+00 0.000000000000000000e+00 0.000000000000000000e+00 0.000000000000000000e+00 0.000000000000000000e+00 0.000000000000000000e+00 0.000000000000000000e+00
-0.000000000000000000e+00 -0.000000000000000000e+00 0.000000000000000000e+00 0.000000000000000000e+00 0.000000000000000000e+00 0.000000000000000000e+00 0.000000000000000000e+00 0.000000000000000000e+00 0.000000000000000000e+00 0.000000000000000000e+00
-0.000000000000000000e+00 -0.000000000000000000e+00 0.000000000000000000e+00 0.000000000000000000e+00 0.000000000000000000e+00 0.000000000000000000e+00 0.000000000000000000e+00 0.000000000000000000e+00 0.000000000000000000e+00 0.000000000000000000e+00
0.000000000000000000e+00 -0.000000000000000000e+00 0.000000000000000000e+00 0.000000000000000000e+00 0.000000000000000000e+00 -0.000000000000000000e+00 0.000000000000000000e+00 0.000000000000000000e+00 -0.000000000000000000e+00 0.000000000000000000e+00
-0.000000000000000000e+00 -0.000000000000000000e+00 0.000000000000000000e+00 0.000000000000000000e+00 0.000000000000000000e+00 0.000000000000000000e+00 0.000000000000000000e+00 0.000000000000000000e+00 0.000000000000000000e+00 0.000000000000000000e+00
0.000000000000000000e+00 0.000000000000000000e+00 0.000000000000000000e+00 -0.000000000000000000e+00 -0.000000000000000000e+00 -0.000000000000000000e+00 -0.000000000000000000e+00 0.000000000000000000e+00 -0.000000000000000000e+00 -0.000000000000000000e+00
-0.000000000000000000e+00 -0.000000000000000000e+00 0.000000000000000000e+00 0.000000000000000000e+00 0.000000000000000000e+00 0.000000000000000000e+00 0.000000000000000000e+00 0.000000000000000000e+00 0.000000000000000000e+00 0.000000000000000000e+00
0.000000000000000000e+00 0.000000000000000000e+00 -0.000000000000000000e+00 -0.000000000000000000e+00 -0.000000000000000000e+00 -0.000000000000000000e+00 -0.000000000000000000e+00 -0.000000000000000000e+00 -0.000000000000000000e+00 -0.000000000000000000e+00
0.000000000000000000e+00 0.000000000000000000e+00 -0.000000000000000000e+00 -0.000000000000000000e+00 -0.000000000000000000e+00 -0.000000000000000000e+00 -0.000000000000000000e+00 -0.000000000000000000e+00 -0.000000000000000000e+00 -0.000000000000000000e+00
-0.000000000000000000e+00 -0.000000000000000000e+00 -0.000000000000000000e+00 0.000000000000000000e+00 -0.000000000000000000e+00 0.000000000000000000e+00 0.000000000000000000e+00 -0.000000000000000000e+00 0.000000000000000000e+00 -0.000000000000000000e+00
-0.000000000000000000e+00 -0.000000000000000000e+00 0.000000000000000000e+00 0.000000000000000000e+00 0.000000000000000000e+00 0.000000000000000000e+00 0.000000000000000000e+00 -0.000000000000000000e+00 0.000000000000000000e+00 0.000000000000000000e+00
-0.000000000000000000e+00 0.000000000000000000e+00 -0.000000000000000000e+00 0.000000000000000000e+00 -0.000000000000000000e+00 0.000000000000000000e+00 -0.000000000000000000e+00 -0.000000000000000000e+00 0.000000000000000000e+00 -0.000000000000000000e+00
-0.000000000000000000e+00 -0.000000000000000000e+00 0.000000000000000000e+00 0.000000000000000000e+00 0.000000000000000000e+00 0.000000000000000000e+00 0.000000000000000000e+00 0.000000000000000000e+00 0.000000000000000000e+00 0.000000000000000000e+00
-0.000000000000000000e+00 -0.000000000000000000e+00 0.000000000000000000e+00 0.000000000000000000e+00 0.000000000000000000e+00 0.000000000000000000e+00 0.000000000000000000e+00 -0.000000000000000000e+00 0.000000000000000000e+00 0.000000000000000000e+00
0.000000000000000000e+00 0.000000000000000000e+00 -0.000000000000000000e+00 -0.000000000000000000e+00 -0.000000000000000000e+00 -0.000000000000000000e+00 -0.000000000000000000e+00 -0.000000000000000000e+00 -0.000000000000000000e+00 -0.000000000000000000e+00
0.000000000000000000e+00 0.000000000000000000e+00 -0.000000000000000000e+00 0.000000000000000000e+00 -0.000000000000000000e+00 -0.000000000000000000e+00 -0.000000000000000000e+00 -0.000000000000000000e+00 -0.000000000000000000e+00 -0.000000000000000000e+00
-0.000000000000000000e+00 0.000000000000000000e+00 -0.000000000000000000e+00 -0.000000000000000000e+00 -0.000000000000000000e+00 0.000000000000000000e+00 -0.000000000000000000e+00 -0.000000000000000000e+00 -0.000000000000000000e+00 -0.000000000000000000e+00
-0.000000000000000000e+00 -0.000000000000000000e+00 0.000000000000000000e+00 0.000000000000000000e+00 0.000000000000000000e+00 0.000000000000000000e+00 0.000000000000000000e+00 0.000000000000000000e+00 0.000000000000000000e+00 0.000000000000000000e+00
-0.000000000000000000e+00 -0.000000000000000000e+00 0.000000000000000000e+00 0.000000000000000000e+00 0.000000000000000000e+00 0.000000000000000000e+00 0.000000000000000000e+00 0.000000000000000000e+00 0.000000000000000000e+00 0.000000000000000000e+00
-0.000000000000000000e+00 -0.000000000000000000e+00 0.000000000000000000e+00 0.000000000000000000e+00 0.000000000000000000e+00 0.000000000000000000e+00 0.000000000000000000e+00 0.000000000000000000e+00 0.000000000000000000e+00 0.000000000000000000e+00
-0.000000000000000000e+00 -0.000000000000000000e+00 0.000000000000000000e+00 0.000000000000000000e+00 0.000000000000000000e+00 0.000000000000000000e+00 0.000000000000000000e+00 0.000000000000000000e+00 0.000000000000000000e+00 0.000000000000000000e+00
-0.000000000000000000e+00 -0.000000000000000000e+00 0.000000000000000000e+00 0.000000000000000000e+00 0.000000000000000000e+00 0.000000000000000000e+00 0.000000000000000000e+00 0.000000000000000000e+00 0.000000000000000000e+00 0.000000000000000000e+00
-0.000000000000000000e+00 -0.000000000000000000e+00 0.000000000000000000e+00 0.000000000000000000e+00 0.000000000000000000e+00 0.000000000000000000e+00 0.000000000000000000e+00 0.000000000000000000e+00 0.000000000000000000e+00 0.000000000000000000e+00
-0.000000000000000000e+00 -0.000000000000000000e+00 0.000000000000000000e+00 0.000000000000000000e+00 0.000000000000000000e+00 0.000000000000000000e+00 0.000000000000000000e+00 0.000000000000000000e+00 0.000000000000000000e+00 0.000000000000000000e+00
-0.000000000000000000e+00 -0.000000000000000000e+00 0.000000000000000000e+00 0.000000000000000000e+00 0.000000000000000000e+00 0.000000000000000000e+00 0.000000000000000000e+00 0.000000000000000000e+00 0.000000000000000000e+00 0.000000000000000000e+00
-0.000000000000000000e+00 -0.000000000000000000e+00 0.000000000000000000e+00 0.000000000000000000e+00 0.000000000000000000e+00 0.000000000000000000e+00 0.000000000000000000e+00 0.000000000000000000e+00 0.000000000000000000e+00 0.000000000000000000e+00
-0.000000000000000000e+00 -0.000000000000000000e+00 0.000000000000000000e+00 0.000000000000000000e+00 0.000000000000000000e+00 0.000000000000000000e+00 0.000000000000000000e+00 0.000000000000000000e+00 0.000000000000000000e+00 0.000000000000000000e+00
-0.000000000000000000e+00 -0.000000000000000000e+00 0.000000000000000000e+00 0.000000000000000000e+00 0.000000000000000000e+00 0.000000000000000000e+00 0.000000000000000000e+00 0.000000000000000000e+00 0.000000000000000000e+00 0.000000000000000000e+00
-0.000000000000000000e+00 -0.000000000000000000e+00 0.000000000000000000e+00 0.000000000000000000e+00 0.000000000000000000e+00 0.000000000000000000e+00 0.000000000000000000e+00 0.000000000000000000e+00 0.000000000000000000e+00 0.000000000000000000e+00
-0.000000000000000000e+00 -0.000000000000000000e+00 0.000000000000000000e+00 0.000000000000000000e+00 0.000000000000000000e+00 0.000000000000000000e+00 0.000000000000000000e+00 -0.000000000000000000e+00 0.000000000000000000e+00 0.000000000000000000e+00
-0.000000000000000000e+00 -0.000000000000000000e+00 0.000000000000000000e+00 0.000000000000000000e+00 0.000000000000000000e+00 0.000000000000000000e+00 0.000000000000000000e+00 -0.000000000000000000e+00 0.000000000000000000e+00 0.000000000000000000e+00
-0.000000000000000000e+00 -0.000000000000000000e+00 0.000000000000000000e+00 0.000000000000000000e+00 0.000000000000000000e+00 0.000000000000000000e+00 0.000000000000000000e+00 0.000000000000000000e+00 0.000000000000000000e+00 0.000000000000000000e+00
-0.000000000000000000e+00 -0.000000000000000000e+00 0.000000000000000000e+00 0.000000000000000000e+00 0.000000000000000000e+00 0.000000000000000000e+00 0.000000000000000000e+00 0.000000000000000000e+00 0.000000000000000000e+00 0.000000000000000000e+00
-0.000000000000000000e+00 -0.000000000000000000e+00 0.000000000000000000e+00 0.000000000000000000e+00 0.000000000000000000e+00 0.000000000000000000e+00 0.000000000000000000e+00 0.000000000000000000e+00 0.000000000000000000e+00 0.000000000000000000e+00
-0.000000000000000000e+00 -0.000000000000000000e+00 0.000000000000000000e+00 0.000000000000000000e+00 0.000000000000000000e+00 0.000000000000000000e+00 0.000000000000000000e+00 0.000000000000000000e+00 0.000000000000000000e+00 0.000000000000000000e+00
-0.000000000000000000e+00 -0.000000000000000000e+00 0.000000000000000000e+00 0.000000000000000000e+00 0.000000000000000000e+00 0.000000000000000000e+00 0.000000000000000000e+00 0.000000000000000000e+00 0.000000000000000000e+00 0.000000000000000000e+00
-0.000000000000000000e+00 -0.000000000000000000e+00 0.000000000000000000e+00 0.000000000000000000e+00 0.000000000000000000e+00 0.000000000000000000e+00 0.000000000000000000e+00 0.000000000000000000e+00 0.000000000000000000e+00 0.000000000000000000e+00
0.000000000000000000e+00 -0.000000000000000000e+00 0.000000000000000000e+00 -0.000000000000000000e+00 0.000000000000000000e+00 0.000000000000000000e+00 -0.000000000000000000e+00 0.000000000000000000e+00 -0.000000000000000000e+00 -0.000000000000000000e+00
0.000000000000000000e+00 -0.000000000000000000e+00 0.000000000000000000e+00 -0.000000000000000000e+00 0.000000000000000000e+00 -0.000000000000000000e+00 -0.000000000000000000e+00 0.000000000000000000e+00 -0.000000000000000000e+00 -0.000000000000000000e+00
-0.000000000000000000e+00 0.000000000000000000e+00 -0.000000000000000000e+00 0.000000000000000000e+00 -0.000000000000000000e+00 0.000000000000000000e+00 0.000000000000000000e+00 -0.000000000000000000e+00 0.000000000000000000e+00 -0.000000000000000000e+00
0.000000000000000000e+00 -0.000000000000000000e+00 0.000000000000000000e+00 -0.000000000000000000e+00 0.000000000000000000e+00 -0.000000000000000000e+00 -0.000000000000000000e+00 0.000000000000000000e+00 -0.000000000000000000e+00 -0.000000000000000000e+00
-0.000000000000000000e+00 -0.000000000000000000e+00 -0.000000000000000000e+00 -0.000000000000000000e+00 -0.000000000000000000e+00 0.000000000000000000e+00 -0.000000000000000000e+00 -0.000000000000000000e+00 -0.000000000000000000e+00 -0.000000000000000000e+00
-0.000000000000000000e+00 -0.000000000000000000e+00 -0.000000000000000000e+00 -0.000000000000000000e+00 -0.000000000000000000e+00 0.000000000000000000e+00 -0.000000000000000000e+00 -0.000000000000000000e+00 -0.000000000000000000e+00 -0.000000000000000000e+00
0.000000000000000000e+00 -0.000000000000000000e+00 -0.000000000000000000e+00 -0.000000000000000000e+00 -0.000000000000000000e+00 0.000000000000000000e+00 -0.000000000000000000e+00 -0.000000000000000000e+00 -0.000000000000000000e+00 -0.000000000000000000e+00
-0.000000000000000000e+00 -0.000000000000000000e+00 0.000000000000000000e+00 -0.000000000000000000e+00 0.000000000000000000e+00 0.000000000000000000e+00 0.000000000000000000e+00 0.000000000000000000e+00 -0.000000000000000000e+00 -0.000000000000000000e+00
0.000000000000000000e+00 -0.000000000000000000e+00 -0.000000000000000000e+00 -0.000000000000000000e+00 -0.000000000000000000e+00 0.000000000000000000e+00 -0.000000000000000000e+00 -0.000000000000000000e+00 -0.000000000000000000e+00 -0.000000000000000000e+00
0.000000000000000000e+00 -0.000000000000000000e+00 0.000000000000000000e+00 -0.000000000000000000e+00 0.000000000000000000e+00 0.000000000000000000e+00 -0.000000000000000000e+00 -0.000000000000000000e+00 -0.000000000000000000e+00 -0.000000000000000000e+00
9.359224584608865499e-09 3.742729987857599025e-09 3.784094692072739827e-07 1.626116867559156276e-07 2.232076124682174377e-07 3.532539267400547019e-08 2.097034509808222774e-07 6.889827167808001306e-08 3.059881398180836124e-07 3.129239997194085077e-07
4.153361034571066875e-08 3.592859009785731801e-07 -9.325059436610486035e-09 3.353952256628489570e-07 -7.774783375274953335e-09 1.220306683683172714e-07 3.535358192197288717e-07 8.359584401539801954e-08 3.371734430116067767e-07 7.603093312003180430e-08
1.827069296389099145e-07 3.445586215623906323e-07 3.616257930434673240e-07 2.223655669496373252e-08 1.410684382830248927e-07 -1.526420708041529304e-08 2.559253858334310580e-07 4.308552261572709516e-08 2.699895925403258639e-07 2.825412733072646953e-07
4.313104402138971110e-08 2.182716141786787018e-07 2.474488540425354346e-07 1.179132817899319999e-07 1.290120011694215393e-07 1.133699472200141429e-07 1.592977649200454856e-07 2.238299885865425981e-07 6.074339174697824471e-08 6.597349396258619393e-08
3.065582510476192081e-07 1.886961162416443865e-08 2.610253632350734172e-07 2.223284103282197703e-07 2.654357456717143823e-07 4.438427535188889325e-08 3.227233070735264296e-07 1.639370223833797326e-07 9.771907507899761179e-08 1.405045327549910347e-07
4.745448417273917247e-08 3.146154491102885099e-07 3.500556731606466009e-07 2.792107620808618761e-07 1.343018579912490328e-07 2.925297338934639819e-07 3.266962523884615289e-07 3.762159237452493496e-08 -4.708141765106476159e-08 -2.540367679537889917e-08
1.966872988916925099e-07 1.647254158010262048e-07 3.758103981077544388e-07 3.383414776524675554e-08 3.422302466843316363e-07 2.249538227953179661e-07 1.905397688363927143e-08 2.087732656225043598e-07 1.517360433177319054e-07 3.426320749850834334e-07
1.722836023850970393e-07 3.469062257116574336e-07 1.705623023723724118e-07 3.469699107921587984e-07 2.578717850603106869e-07 2.838724862414462968e-07 1.392872912536191000e-07 5.037760657544123247e-08 7.333848761017601022e-08 3.373650651696623814e-08
2.922062243978666299e-07 2.959912539028246628e-07 3.340369404101381269e-07 1.788519216349671816e-07 1.172634955630616857e-08 2.814988834236083741e-07 3.194353810117571684e-07 3.557748237885309633e-07 -4.579404588888012935e-09 1.497677380233713569e-07
3.481023779568255633e-07 4.564129254312476557e-09 3.545139681045291699e-07 3.465143565776348292e-07 1.385281832116280421e-07 1.689757427032256863e-07 3.056521454738653688e-07 -4.077015781907575220e-08 1.620909197927928709e-08 2.043897607245099445e-07
-7.261389531730939333e-06 -1.174318535703836530e-05 -2.860134531602348608e-08 -1.118288388983002327e-05 -9.777193684919636508e-07 -3.021989362992451443e-07 -1.014892886144725787e-06 -9.919994263179099972e-06 -3.689977484365146471e-06 -7.448525808395012486e-06
-8.924891556771552737e-07 -2.370698588338813582e-06 -7.908452943391553521e-06 -3.580160065455444873e-06 -2.096759988828687589e-06 5.547408893485445166e-06 -4.451957876323093075e-06 -7.714052995730961724e-06 5.928228593192054673e-06 -7.591602964643328759e-06
-1.666289855361083982e-06 -1.378486577512656534e-05 -4.430172429620422194e-06 -1.917431950397502097e-06 -4.511806681649879818e-06 -4.959440771183384422e-06 -1.517243717418463217e-06 -8.184110200604556920e-06 -4.838836266512665207e-06 -1.358432815758781807e-05
-4.193362115116136111e-06 -2.177377537802773615e-06 2.988399277488388474e-06 -7.737019038954275388e-06 1.519964116978208402e-06 -1.599752042166541935e-06 -6.462346483523392777e-06 -1.820198715471524241e-06 -5.801653253536906460e-07 9.378616380608327097e-08
-9.050464118520503085e-06 -1.260317943620063525e-05 1.844699432581533804e-06 -6.418792853373837646e-06 8.146639256220311527e-07 5.568583171473338502e-06 -1.744042224523179230e-06 -1.351200824254243864e-05 -7.314826035831547000e-06 -1.537419639835827204e-05
-2.869806581186023767e-06 -2.639001010209591226e-06 -1.229828408497350844e-05 -1.058290220903160259e-05 -2.400922818182136370e-06 2.267221771974096321e-06 -6.416506762312693292e-06 -4.760100483585439229e-06 -1.828481302943816504e-06 -1.292331763904420383e-05
-1.186333189663223181e-06 -1.577353486811947961e-06 -1.309265172504552053e-05 2.073644914250437113e-07 -6.037328367087705897e-06 4.895848535387560112e-06 1.575489473652718535e-06 -9.501764254332920745e-06 -2.544772890525621522e-06 -6.706335017240814782e-06
-4.559437758821587108e-06 3.931693788601042615e-06 -1.081757907284291116e-05 2.514896572725435551e-06 -8.731185374779754002e-06 -3.719108646132477138e-06 -1.096646219085128147e-06 -9.524806944266167022e-06 -1.923827122636965419e-06 -9.892212102083771543e-07
-5.237170361716569515e-06 -8.951864475793036070e-06 -2.631660058868785912e-06 -5.512455753979985842e-06 2.020193065260186380e-06 3.577111299009504591e-06 -7.127494281522451462e-06 -5.709449476953897410e-06 -8.764123545357124171e-06 -4.927067255752203508e-06
-8.659226424625181639e-06 -1.423036911972972190e-05 2.668467413905469966e-06 -8.328643232686658578e-06 -2.476444839103804989e-07 2.251242224389202800e-07 -8.036267618793635663e-06 -7.802727038114378133e-06 -2.428291132178039680e-06 -7.771470126229089689e-06
2.136706794071836622e-05 9.945912813168309398e-06 5.743204914001471802e-05 -2.375425872287665254e-05 2.269815792632189015e-05 -3.536062187717779173e-05 -1.126015555696582289e-05 4.573093866950123505e-05 -6.836695672575266328e-06 8.862041181085414392e-07
3.771501430325657777e-05 -1.807278903432321234e-05 6.166638158650608820e-05 -1.125273442310720546e-05 1.657171426604365773e-05 -1.551480205439623706e-05 -9.603081665893282103e-06 4.366570092001777599e-05 1.220988325639576684e-05 -5.498696303548744584e-06
2.514694711927241012e-05 -6.000920650988720972e-06 5.038994312790568276e-05 -2.706574981220589822e-05 2.485838524834650735e-05 -2.219488524048451780e-05 -6.297770163398688404e-07 5.657186794873206916e-05 8.319621989956319649e-06 1.424814661764709508e-05
2.171313056258069552e-05 7.911181526483392241e-06 6.855045920668530386e-05 -1.467115659126097509e-05 9.432788207267226848e-06 -2.374966112443691635e-05 -5.559557301498540833e-06 4.001293149451185725e-05 -1.235219880308289750e-05 5.456301177060352047e-06
2.594728430065998347e-05 -1.268818182561432118e-05 5.627762558805145786e-05 -4.747649334007239271e-06 4.498278253563321358e-06 -3.314953647360351400e-05 -1.260082287526674739e-05 4.742575288049527305e-05 1.445307827895657626e-05 1.755839493441829530e-06
1.070829711354274106e-05 -7.640997711289980080e-06 5.782191511309059818e-05 -2.456730413219486881e-05 6.098679123161310141e-06 -1.573937719054707918e-05 3.942414682167281642e-06 4.349790426916777861e-05 6.202785974327025317e-06 -4.465120103903167944e-06
2.258055242223658716e-05 1.228691070961587663e-05 4.406516439656760648e-05 -1.753737235502286205e-06 1.366851227765070092e-05 -1.711524668670507806e-05 -1.356706691973115804e-06 5.711561906636451416e-05 5.696074009812205952e-06 8.535458750405239546e-06
2.146618443282461775e-05 1.017368462714329926e-05 5.030469026626221063e-05 -1.483033078677800632e-05 1.559321035862831775e-05 -3.609337448727798116e-05 -2.314055417062916377e-05 4.425572835964864483e-05 5.485982949293216499e-07 9.822216204780944549e-06
1.554594526667890387e-05 9.442614096265580738e-06 5.946079384720494830e-05 -5.517110148792590800e-06 2.363730196022380067e-05 -2.468605876688963996e-05 -5.309322624916723477e-06 4.564820567398976902e-05 3.326578770884237928e-06 1.168070137422235371e-05
1.871738769639177559e-05 -6.337209253967628916e-06 6.790938678462585590e-05 -1.812560215228371741e-06 7.778531892562399601e-06 -2.652345322368234568e-05 -1.534469283139207435e-05 3.648041073574071700e-05 -1.003476593668001429e-05 1.719938866881895041e-05
3.122000670068363716e-05 -1.791196213820468071e-05 -7.252222174461574644e-05 2.783853117990243151e-06 -1.976073022110106522e-05 8.160513068217730771e-05 3.334302835356553739e-05 -4.443004103848794924e-05 -9.873495368229795514e-06 -3.627105309195386676e-05
-7.173213222342630005e-06 5.653443013638262212e-06 -2.683353938916187253e-06 1.179405672404196499e-05 -4.432356745171781899e-05 -9.673098427990603769e-05 -8.373001786256068695e-06 3.368438674847736442e-05 -4.514117202917475980e-05 3.836493650167426472e-05
-5.223491565834596647e-07 5.953947223256338387e-07 3.759903188372972657e-06 1.171466246107147257e-05 -3.418983415883379090e-05 -2.000337133949833669e-05 -1.179114270661990549e-05 -1.793267180632142599e-05 -5.998484571012732892e-06 3.336245200231816640e-05
-1.255521705636669932e-06 4.161375047441709016e-05 1.652591290115821700e-05 -1.564813582273630443e-05 -1.091175963210693915e-06 1.311304571931376980e-05 -1.926758449775453521e-05 -9.055993985300201903e-06 -7.487038126555386035e-06 1.432348754904916581e-05
-1.126400330423203809e-05 3.780223763169200831e-05 -3.855900741070703198e-05 9.647510828853769673e-06 4.125339761366967711e-05 6.945862344684136452e-05 7.465321946947124402e-06 -4.538399476415984145e-05 2.426635199128460762e-05 -1.517301821091960252e-05
-1.470830589208130335e-05 -2.092258622107422730e-05 -3.843321738309512262e-05 5.894218169167452045e-06 3.110649844747436578e-05 -1.064653818145038770e-05 -3.532250178872031461e-05 -2.097752347919929801e-05 -2.072281996353076834e-05 3.938340111553655859e-06
-2.219192410204469078e-05 9.457317670279651319e-06 -1.352299866327977485e-05 -1.902495078819650885e-05 2.625025091587212289e-05 -1.505649877346837647e-05 2.999504974561456930e-05 -5.222849697179975402e-05 3.871465719272737792e-05 5.675965437988324224e-06
-1.446571294724870232e-05 5.820743732576747116e-06 -2.070517098758223296e-05 2.201693873810606184e-05 -4.554009203225493945e-05 -2.191366512539757731e-05 2.363097560159082867e-06 3.179090757413056647e-05 -5.204740431966934411e-07 -9.369058046250199417e-06
1.869297264107681040e-05 -2.195443443736243408e-05 1.314431514522656678e-05 2.638699351369965559e-05 1.001607007496364586e-05 -4.116516234714878226e-05 -2.861799187387297324e-05 5.507278338570732078e-05 -2.454175862369254574e-05 4.196119413991964048e-06
-3.066074503760033375e-05 -7.889664892537152878e-06 -3.859397495603392994e-05 -3.926447800848120170e-05 -2.661107992531623295e-05 9.825329512473803895e-05 3.232463723153978331e-05 -6.418725691707862229e-05 3.431281945142463020e-05 -4.949805481776391397e-05
1.406446518383534367e-06 -9.884316006524206881e-06 4.762434242926325906e-05 3.743688968499276335e-05 1.979758306301300202e-05 1.615182058771598374e-05 1.990334519304679393e-05 2.110650155470761448e-05 1.976772561054896714e-05 1.260024225660889561e-05
-2.187485424285771595e-05 -4.062150769143740934e-05 4.196009367125604577e-05 3.477862089362435442e-05 -5.498871746941448096e-06 3.710487069358196558e-06 1.996714348828256257e-05 1.608707179508113937e-06 1.179755801530868610e-05 9.316954314927911767e-08
-9.865822166786702806e-06 -3.351511005576341564e-06 4.639669458331676695e-05 2.372495807893545687e-05 2.655149185836603483e-05 -3.239215730174035981e-06 2.036467626497040785e-05 2.205225364845994076e-05 8.678503944371298497e-06 4.729043255602773899e-06
-2.869327211240236167e-05 -2.949034539164854387e-05 2.123802060115040284e-05 1.186194569277696557e-05 -3.494888959699624715e-06 -2.100182109800515114e-05 3.059803909892958658e-05 7.961931538375590297e-06 7.089934195400290972e-06 4.018164071599114075e-05
-2.458525043748202400e-05 -2.250619189382391816e-05 3.600621363301043196e-05 1.795819626164099573e-05 3.862048676742636565e-06 1.748498655609496280e-05 2.205299143100728317e-05 3.229559130505212441e-05 2.083034542381181626e-05 8.152207249630698184e-06
-8.137422895416655239e-07 -1.980097100821611421e-05 2.943756164563042090e-05 1.201365542021643336e-05 2.127362400883061128e-05 6.305437760698296061e-06 2.194599017512030670e-05 2.725366271277321307e-05 -4.641556700275525213e-06 2.464325271753714205e-06
-2.341747279282767086e-05 -1.592200728276421613e-05 2.610295139814157212e-05 1.252945217950934581e-06 1.529119028397461202e-05 1.156504697897229067e-05 1.366504351677880393e-05 8.143269506292196458e-06 -1.184405812904258868e-06 1.781718989553406670e-05
-5.719183065617585378e-06 9.686511584816721889e-06 2.304970973006965245e-05 2.428209878836370858e-05 5.121708371081055549e-06 -1.998894390779371930e-05 1.131776632501587002e-05 3.433891870229255361e-05 -7.851152971631543610e-06 4.249498485373086549e-05
2.845977696826971321e-06 -2.638097703843084104e-06 3.043994845373042789e-05 1.611237236942736764e-06 8.795942773412775224e-06 -2.113199757020511130e-06 2.242346596590215341e-05 2.751702844695021701e-05 -1.488218196608615131e-05 3.038526857754490995e-05
2.460784182329208903e-06 -2.698415573164184722e-05 6.696557565842356486e-05 2.451723761157089749e-05 3.698300207635408447e-05 4.542990443358836059e-05 3.286489825218464494e-05 2.894657491506300880e-05 2.097830733622137110e-05 2.913052010311524624e-06
